1000
718062843698474150
405934371972595111
644673074499009094
243908396386193112
122474540486473939
282675914767133571
705396393125652387
860769476888243456
1120053438222735710
1152226866548607347
860483813247597347
763894212880343129
620486845693056537
608774539400558958
1089571683975516645
78528099364232982
34173738724299585
1149137685961226683
1099782722677693982
27172792640396046
170796843615993853
438415423154150938
322167808471800255
1034945818465048811
753992523224873366
433330657033212987
1054573147990925544
561585923329165566
754517854274086703
98712485554648751
77836922674639936
1002298523126128442
414187690076720214
1001145924916230347
862561824182985990
148270463711469802
387940424829403437
215300078246917018
1149205072829119160
121027547719427795
484100993335814774
309373584109715655
82886248405938188
134548903533439020
210509279378998762
288231810388152703
904058214860261638
564830662934733109
1099529860257371691
69214213209799391
720636504465511714
69344019273745944
896581218786160034
166215550292454573
469501560290062634
195042011847385336
288922733808429026
213803066342980701
949949341703751
384268993116122460
284790366280000067
736278482670962750
531990022300021920
584403637406074531
811112510026263384
468820737708136150
302349448492702277
1017012682193200362
11641461004519376
308192533037526234
734719007254780399
1022210482657838499
1143400395131360205
103337328933181049
1113619164333693215
718769105008171392
214997395899169049
325894923860285155
1056518333366244996
92342609146210641
699418767836968054
463028266314419818
973017850693752229
830556235006092304
1097572281379062746
155312052917603024
372203046095225473
1047436106381502566
816344243543054384
237410528829726258
606901987846368605
955810198628556336
470750439810542999
820484545503730891
531120811559304622
461552930276791644
257644703847941489
373041157071658315
498908570459925015
585219453197887355
480524024160792251
17014425260839194
1065357120185834548
601308010471490728
58411220124268661
444603654106541051
62615959728284172
1043991821404762678
375624176378244468
1064757951934269113
748966950102016156
935210625687925778
104925544075456214
1083910261969509429
183595936374952740
814746284194521057
400255042764961044
897803287629210225
692554205121231763
19170987145107247
393411283648141852
967628455018032290
458953453954667781
738913225451246510
479011545851716927
791854255652617740
355706203829756597
1043265121952880608
626269284485421107
127320589136834989
514517978607949606
525643724675695344
281235939069644980
93651699248575797
579502308077847163
304405060022301211
937302438179756264
654996413554992321
1051588773713529386
1026917396121824274
681667448782622061
599652449317116247
1113780263086558192
515649035705598779
973765086704576196
572167248296690240
282759705936497494
905914907134980512
1096855982900376932
520427547228552841
435129166918821488
706266458516328413
917474338226319200
187702128691170384
238355087645467308
53823298481816631
150551519566772510
463821491024976493
266736574564448856
542750829425094804
129923626268554490
946210938723575430
738226608205720542
506902934185756255
1137350764334895813
678059292909340100
1099733309472245308
1112180957685238016
488051743478143383
1055235061367539033
375115110278393807
931677936036528774
851488377526987702
29172841778980641
951431722476026693
1040888721307297118
791649048707625874
45980916935059090
731069759570382883
614090053483527435
565356177885972384
652948590575845803
343054000480267417
1083188147612504665
657602544787472736
462706550914733697
103881456516829405
204434659711530769
427844026292986540
1120860834246021230
959780930954630792
120496183683531062
650133812527241278
411831863999391301
499461278613463786
597867642053462279
1127125769167456366
956365490816737677
460867896693145138
1026769447714061150
1044836097365302101
1078597659380901994
1147523831834227128
569178004426221220
209048170779369027
133385959562662674
1124251601155983587
42660293107507280
404380756880878669
170647766335869872
246463229370296041
1104500953223354461
917823670314540638
856636206716496704
692202602755813052
843564927055391932
746114490348113477
233970816586921122
16700658288657709
2525528167537005
301530025858262358
877165894356636175
1141412783821739088
826043435189097819
660016272166961761
917900177318741259
205174978452258678
98345421368409961
467435457091685965
404593361402218091
389151518380258139
709024893903359515
997090558116071856
444299253602428929
923643340785170523
744248090899546150
892823180628399670
66021940504623900
354678012587257565
1123687850355986115
1025821860730944034
468722082664616488
951802527716861639
415273321773953590
207911091655063126
846799721230834466
916275777049390437
376124394307304195
33529786420224466
874106863417155171
874795280656221830
1025665326782898669
795885397827312955
198014260540462115
866777658233889673
760046123420911540
607150064759294421
269998819051233354
876963560677344041
537226186831624177
278832936067579763
190311824328256995
724434391578846182
111941856379686327
208071636503350253
692732671162628577
26709103228638027
543489363243198733
441228647727332408
887934879553556176
788594967202377036
124126376212627889
1121404584621607756
250864512556176843
368838320686248988
530961769482651809
307436033375959741
890176201359408187
888235885344387967
709061033895080070
57335274654407883
136101229661142168
1097253256328172772
427887445546436201
1108330153954455414
608286386264782915
870005276790526203
1008785953019397660
627317519274844564
359875246535428616
843547034328541224
281829884125227823
361054636148393146
665359913504843731
141329134921936951
1022055521554106290
406481512715513761
71763095322248838
713191929619884089
391540398841718634
917138978120292349
407102852758657335
751295215749059493
164344797576939045
420474812451043169
658138701470347368
405799411160300723
685998013385017791
426704458453924463
853632776179740380
902611716734471681
1149524722100889156
731307430351952134
397451160297349867
333924901354969270
1024979807155777966
497849715873364303
840307479024240573
1069241203223906559
100170722861656992
1070385736645812538
520919788540559537
29164155096922423
907135087257317549
302733082064616279
345114303128330681
576754492553682524
867823343021837604
195568904190330237
778807307641784154
387898351199736074
597684548550918523
638140980410204527
573787768615724355
910809011747130008
110601456917767759
1135353623062043062
196698424903309981
215878267029025799
283331665584383126
177148712222339583
164196257446784650
503225227847949061
611193968462339401
87076220844217810
1103184421281415294
827886694430446051
40808923809381234
437333342597956464
732022148205168681
1021115790066753403
969974072014021543
489497847538125363
936375077066610087
316352143476017978
271399104240688485
718929558270732401
1052451528739616955
1093264853520485689
287191899444977226
487180819001534111
481809145986325920
735843674611412687
264551604440361999
340249200923588931
684778309046827586
798897173763268840
902591396536189881
835894157722719198
28791152339883748
405314575060409410
175274870974092016
380780943113442070
165277772231965023
1135105891300102277
205958459358428177
1072270638351499166
1123963004504187234
641613100549479585
1028619785955759060
552935438278556631
178867860520055852
505979823651344733
532279298294850744
166729797452412563
329961182227940786
551312142038754567
716164162670298432
707196917932931873
253923170956425214
88977781822252772
1985538541340732
1048191359683836129
279221065547090432
25946757883570708
1135101211745790700
483463476386095809
784732529073175756
452458204025519427
609494058321734289
268461380668990894
949287979029618505
786306890610424782
793183636898782316
1075763177663343190
699465475458824569
1082692617528152657
974016127423902972
828992602723132951
261996313074111077
1045015606714803853
991547213933425780
395065000687864856
249736044873332071
246820632673273663
218490342135478924
470268070305354302
147112454135326652
759694162906597972
237057223560583601
149758333828960281
274818394824535206
130506873512052516
551933076914052464
234442193323105850
36745498326890230
206368334369021646
1036279068777436841
1101792224395466738
142327495907515527
350202402060549099
639979856728004293
730386611595489711
413300916604757192
880709645493925408
218962849364539239
25681304062953059
479107213461712913
418840875360308391
83123617484576394
470452722618847981
436312749781238791
306228686188119292
160045276680874842
369795041461085907
562569383009885291
881156888725545663
986269561483857904
37395137895965641
313288255536453175
493364381905693798
275869480615517452
961601573082580945
702762732516746729
422536943447722603
36671604528888710
813753739673546617
81250729893488885
526862810776108351
1142748802129174961
547187573593635489
832310667918399926
497205895459780239
598414409603781086
804242923628518010
494296213407598230
915370284150536268
14992628763611730
127963042717204847
560409515253881082
1040800616915548045
882094792023931019
1122928815268913293
295276349591677972
462981228875641686
45852655810624133
700760686593453924
442982670082161131
110342804604458427
55083200626551235
129694264554421813
634579806443104347
34064417025089851
717920784104965108
331830370133820945
38997378323742042
246215071676536878
905561071403572726
609217001864010993
621145194141285110
126861354056633597
167595998931805172
334014866461081820
746602340010803469
763583555246609913
335028426923419222
880198736644546064
295153132990492550
63670578786376148
493600317885636790
931663767861204885
836216526532218637
1127242792980373401
902661263009432918
696487378114601397
856981124487538842
1094187781794002922
1136446282465724285
1112435138085612119
881057365217746066
827508198453926511
593118380417414360
678604724081062757
212648595622540978
657617651276462656
882291144543332803
508370843006674680
766918747803536058
780363492758241227
466598371211539097
648069114542936088
709886491795245607
1076516798432187115
1046741918409443055
48740865288205312
339629350604667203
387442565057276030
1018945932177431162
1012193165945036535
664683878196025085
605765795508641460
64623655180295482
556731737453518481
287339431275049735
944857611097455528
238254075506605173
684513067304676784
175214154939198997
17036910189758219
584065844321465406
1107116140762780543
864024796246654152
909556072340141909
878634129910635387
82997626430032259
646056011566143329
1152900003719113444
1023141222806504495
1069107536803189294
715943696977904714
1026577811660295501
209813413487904637
251433954751894075
140507676337976233
1039506085703060941
821297579559167759
467571612376829190
898079655379226270
159050017407906633
250528930114707958
263958334726938526
965121864035950449
151044741145178453
358685548055267648
344059857124427086
21861427756379684
220153121490861286
298134996354750168
246641206093412063
404968595752028614
311259325818747506
896026938288045568
278480707732107500
1087076267043726559
1086047170966664477
29925119760296569
412086151669601763
853591000844453295
501262762662424370
588362374025398610
666220097662010018
454467598006295441
712982977497696387
159873666630517116
923852420105079544
1064117655272803850
486616098681765778
543863069495070818
19347720963466934
1007961292535206666
738438806438519952
583289899171075310
183169749961407324
742816588457721190
1133498243592085771
719540303477856379
1034643982376946915
762569017874399480
1005929617823265894
870220505137634817
784977760118808619
725234728341689906
952807365173945272
456504300759070421
255489280476363
101729081605229942
820396723498724688
10205058515772146
675588669972373763
413306614818131153
179930341241365896
1037452489635945308
927188464311221315
842995585360469303
272940243802761701
1029197623134395924
850647026198419983
576985462911556977
345775037607541404
155653161781326529
558674229713724709
10326333847154680
816939305223745795
189590742472090424
732208380278526126
223940992209777913
546011260501301565
315723522015802363
898021432137681128
319650819255129623
878347459619390248
1059971303326728246
755224627899536782
812125255344917266
1146993640135292415
700075343910031625
332326408272308980
1131341565137974712
209808505625284638
423182549546549977
455524479303267520
1054196957075520433
830194788491788537
166336443752846138
173219982685342419
155954481936615366
128151069213703058
772457922958962014
609577585541294939
360741403629375939
458490869958038047
696864474379771697
945010884758012063
995931295930471786
571236289754770417
599905869606572110
414084511488500629
255912227665035389
831455830822366244
348830289424853341
455483423606081074
644555228399654658
989501867718838238
550251100525373192
503337576651763122
638512852661111006
468582372523329005
1005279544629608014
626315289486361539
1002862515534544033
746783909510539550
557161634067163874
1014054508365933832
815960235321264469
118131235892395329
246831107072627941
824147805622047392
46257828020859407
753298295776349466
1082559407802984154
407588971915868160
60396512193344921
713239241155192279
805183806168343824
721865835047115811
1059143499187569273
160398516234047164
159475569042623757
1143654206893540256
1025265337270859984
1026871046787704292
634216888208984612
1139526850618289070
1004274780125467565
17445146247335256
308403741812635403
57691683512997241
12977815570770798
702408364222565042
85929927593770384
258253651913903102
510644935424039266
595350042014067134
164229904557839629
997498302090443273
946768352014630543
561360978240500198
491396466422309706
183614615925514453
848091875280731716
902658151434670223
467446136126453615
757022325899935239
3870386538924024
918049685563849593
625903830181465494
681242718446412029
254267444293069856
531244906647948605
575911529296247046
287428182477422705
857429059063037444
917702116311114603
356718158324745194
1063373964738075337
857290392661696989
1048736594185776871
352465849885567146
670593931435958531
90947922801167850
510863895304877991
34295185635921173
224273088031966998
405622789118198108
619226079748399229
924705212162173326
355966263904515275
1022846210388171147
295055765379332689
849927364992632898
561662157383087180
314870107504932509
754949164077404874
585554970607750126
516519792298952561
102300779078807644
907942175667411613
275976649695689077
538930006857150736
322343511986773208
910658318644148293
168952398690077562
447064549728414747
851745736311467184
621179088000548374
123359771328538997
395213350090654134
92372655374279017
247278896109280787
731956223592460825
506970566160065692
292094880433313149
174149099355229916
364303502670983060
895376188748718251
715783170937077910
750258311245748301
822152433763507528
966442109385045896
835731055981273635
589510662789678414
300395787065612702
573015049564783511
123651531039534921
299340544489521335
846807546554219258
1126779607600958964
673670457964295821
465793887945791039
10770901952788677
628479142394022142
36585665393102954
697822689436753794
394519258673421743
992821589207902282
1148702204534489556
262182321878128726
399616504826894810
250672361197962385
393926457406532154
486043054511545129
541073550523634905
450538110789045362
846316610738953543
9066205918010154
752763138315510866
879126807170692357
323443785052672237
195736169844877524
949802250830278561
291172983331415945
631497427509959207
377767119896772879
937670361462234492
21416578300428711
74810967647157099
760231606969497469
614944415485901052
579299305082773388
376317113385589809
586808541837772526
34439427169202301
976721142981854676
1063811322149802441
201640891728034871
545786986754721355
917315659701295605
83225971575397393
947164495590905873
968016535255539125
234716017936148874
300701107930674293
424193571874132664
745148246094162993
861265351717349977
922740752331933638
182136354071098090
577016028728088611
28584279794043108
1030125801851254636
803464236193970044
58777909572919721
788381024753533632
989120385472527039
350783963079566788
120186886548723496
1042089366513793589
260517464939773495
768177766628382994
672158689954847950
770015641056524868
493777563352267138
675161930352264647
1025429750851227228
963308313509246216
629103505022116892
588351233102418100
8504727739456350
714252201025397290
298509092804171375
720000381003264835
469453021235700568
392746541770290527
506152418205682578
242167852740443746
489097222626728764
110514611926509855
478652633327879740
305883465011067980
651015062110543531
752120630150413282
505861394623136420
344459425211160033
1090423746046023477
676574078406395049
664295197806380246
753273572232496374
570343813717329834
1068904520001575725
1113692642534080516
1107177474921331932
899534790215460817
45376818699790007
783705184510320539
70667615148460917
531886029651918518
205552577690143236
232332073512298599
138124813701712290
892796319084379840
962419472648128564
253843005526413490
32984132901020426
555850435841497104
893014871912769090
827504694240895724
988587361001578813
118667532377674054
201000198159391056
541467759184161950
717954254199902415
132012657702323973
700257782637373315
569200430534461244
291479370188320534
575756032938380945
777863539948543080
688181709467425361
831622522944307784
486840945962044491
937347475102975227
927693499884030198
848433103113735956
180362094646275989
806242969149038016
456141168905168337
37877230289366985
360729100899267339
493052256157879325
180900496262842593
356780795539371251
274073522710597693
715634250633868042
933026517284364013
962239951056101119
661034983963033755
659049470876173267
350391359304197786
372803705295513354
580877562899775881
48370494865978504
246653055100896294
396596863286094424
721265152210386055
1025381974129147605
143676922110393998
780827870166027575
562363287552426938
14388476066709216
124627068425691458
765049930699882651
1080061211635801434
1145338357828463604
162136783860550014
741201793609251920
1092953885605834692
418919519131095525
778948599531477834
145084619152619312
994586975932003152
574548760317058318
864444166911238569
495594430612203047
986347352407117246
313673109617667357
110337553869576897
466067191548830928
755987946612126267
239464931667586225
201356913671946361
766681287182844976
518754934554592666
1112423590234781413
776623852344439269
912828286898317104
444491854058353971
851554819721405282
1033107768977675586
1124302591800176712
806706599732502042
221711735976149114
665433280765929576
759440992229549909
772809241437108387
51993643794489402
78964300645884158
638269732028022141
470671777564951558
342986160597946360
802459840303700879
376072687532490320
173694974247679178
491224323403964561
805726103346101868
109022665199699077
1056673797798033608
804179752886959815
953632294126076127
890732304639385
1115614999549998528
75214886851519351
725088751851542103
168173394104353659
960199120830179834
1104788033256733391
111537477483322784
995704511548371146
292610618221583116
1128714102664101509
852699719331071156
310953255648474468
638418778706295377
525007250454503661
66380174037599589
882173037654028534
881193541246085768
746889300170781056
1090426718032074059
63523347062945806
691132394505780660
