1000
40386266228131288
606787675227227630
1043181835943761474
302609909540466137
382293420592936661
336478808245097348
748142333447165765
779331582789072139
71870569539466033
1125859033487399315
467764265535724137
245197492842059350
830297583674187354
377598625094899740
997289462579466914
392253553845564056
984431537156939388
384439695641528177
1048479753171121308
36950587024794453
35545842574328133
564346413505003059
821624037050541173
364039961184207218
185589727948294276
694758811339353367
232384192990916781
897035540056847939
900117311358684383
877794569892482275
1096969209646487452
1110312079458742234
94108486951917168
853727183746777259
864892673884914507
83057328093425977
1067141067597023547
1149707549690146208
886550830859012231
70421412226936952
49221044652587023
77553485057150602
906299104367010052
665084791794941898
588859959456184785
74422821712879920
954037698640328210
831247772259169632
66220991168691148
134573459823181457
292410381177798544
906395556188349555
433328799186182693
448920051344254984
345978820468058627
640248626171977211
643120213542964380
934780471612938441
6283188094099577
911653520213561439
706041161295736012
1042854427460631345
1123952871105892696
163765756255313730
888359109301323384
1031168225068153068
548500918568333689
866406806592395658
246281385019226294
525653239982633375
808201991869573997
292587631285631234
486267146302365185
1076302961108116081
263233286033830643
53728868521568917
993188637706652308
500360251357688182
812711136430390568
319447599303335588
913019519747345079
825065394776919121
625006176698716413
451206809734006839
878171501902677371
1065742378001785949
180409872545312242
900324350187528850
319109053457049203
590123876951697693
26679265198068053
514024897286495204
994044155877264953
581018475631955406
1063391188161451235
203958034427957089
996112078007537389
947883263934294031
31003935135938241
515693187076975154
253123713668420591
320892539487800390
909549445067510304
924631171091215734
1078442549725591179
6377575993935563
1068619994113048698
877146582802073496
273165613691688084
56927418303329319
185776145489629313
702899149178530958
301494429920823019
662188049699059205
313569600792937787
989848687463701723
563956344437013359
542946450914237924
882645249178181065
893615998619912997
85204372968974215
841264265113771220
774953385321257206
239478851488327769
761471471505693763
181585469263350452
744527380448078280
282312624853999690
964818736490991760
590704869203915863
243617116024204102
500046576434877057
468024922437353973
728995295513270398
898956329328220953
547831418533166118
1004291707561449398
783999884216112106
275485065608385434
1142542590997947026
1102789948656882314
1038712565833057805
849942843491544528
967654449356432212
970909917177299514
693799882467651901
84503485532162290
119897283650984297
208981520847021760
201293328675145375
460686283982173858
80102876624589662
428519745788729777
569799813183977384
108270311314411401
112324786815005370
220789611154940876
909739195649391559
1025428068617880014
1073006528130594449
813100345410921262
46218640860954765
1025015884396722634
97163673988829367
512917708905687125
151738068228368741
1037948784152717423
801979062761828945
376717645459578855
552722687522125679
508136185459680102
994643142770562201
987666497862408019
555834461806878623
232030701845687421
193729474077612084
533708770526382878
708669203528278821
783988015058177511
431606097345303955
6804453333236369
717143697959915477
267493250716023038
212886153381576455
154548717644487973
582990270940881943
191961816555972056
925518106402683492
1107747772379859127
628817421234850115
51729165574331780
1028409102519122662
1028526489034020032
1132899104915939749
969128021171315311
600876969141423863
217687622816773893
729784007703907378
911668076678061695
235513140682511272
1051906764687266905
553725160516319222
697006543167057355
185825123489611714
353757743524561391
581522159404239387
886945329666563560
318985580839704688
1144315818763462489
639230119465594005
992743864838077869
1042602349844835188
818068593567745706
800638509228992325
140730156849530378
729483527445234756
460988884660736350
64172039587053702
201426145818257175
977730984482094411
942026130931388075
446175854082841314
477602231809133680
637789122965554032
512862973267788306
187277430290001681
449732061956767025
969437118011287605
769335457293734671
177725625049706536
405633447201476408
641919299641518908
943673168475295680
188210579625766098
447054198797478463
428953741077687935
1091859189560719418
126912596856941230
567823088687161389
306241614330758954
793545587347673900
171105120589634552
73050075891021725
183034295566735534
427452420339731846
963949207567111390
813732332239029139
582605585697251585
661560263182263560
850484319440239780
149940496272752878
466833542403499770
33519975384542973
356056293345976743
466499495108174001
746180330781875549
16765449117175819
1096494351893931730
411198562718156230
943589359635540482
756711956318789324
815188973501157209
642855357557211224
1129185621505515041
514913631606292114
693083672879840078
654843155761765464
115940660870064317
78481653602494699
326169440122918280
968181288154580739
689759809259348971
767756598456082183
425214606121054440
589155408910173637
332587562709854615
994880285407432837
671847283886494650
577909405084512215
234519811770855757
614959467839071730
835235416940290594
661545610174007560
253160946538930850
1074412418549953889
713446917812345221
959150118905871914
889002923995169792
690919696319672522
231004055864660672
798661627278664782
204733959918517715
930489624507922753
35633344328884965
471535641426776686
1117458720545067684
12996781139016674
396849178682310482
287172635635581302
597992810200684164
146739454295319925
1122902906234160633
1147399039677887102
222745668607399450
935170174723417039
579231648308495334
1041299189354835524
770698960311115876
323225589816119299
78654828119230313
38262702701847848
886570474168349741
1136184304214452603
287802902106735378
581183774492588654
238026721179894842
917638494119745151
229253666324396754
718752742114122183
942736043201957188
226369677090628379
30014708193910555
6906002927857706
701019898553449348
709505449452669310
1063745863424713921
545782905558453976
336571155578958145
1067328224662289363
376786550953528166
737116381426899945
565448491267743024
647673924361207698
723289434316970814
907926147862796657
619402241855845149
469037496195462251
792155669403369112
388214673060892269
1122185944105952300
944445128736839304
238935937447440929
1059867801416127307
1097024889424644199
1133569950093651788
11682597652406490
184583915020702843
215329981503151194
927380906317138063
539420221458200113
241566161289537282
1108113123863327387
810311662127045136
319627393983617635
640800646113000671
1085066392407614115
727622071903346808
614025758341028051
980115620009865596
698055747335837962
746027776242640985
187805746567884187
386744358806772484
316242805171421813
348394394297000981
1009582301388359566
255466500844469883
495801176527940992
889483934491396697
69034871741593861
496053923208925395
852141802675580842
253772829585622298
692069064632420090
1036347011684986126
196088687805560340
1071928009951433751
1105251215050582357
525056522747732682
720200196836950555
312403298295362079
1109283046089615381
397580481146519047
694193632450384867
819074510797631649
1053087057338915168
804194229551537041
714793832810611482
133249977172484502
427576340331484210
984469336288539864
751739827411945168
323706856565279194
935427995988758273
290240875272730667
248747341284412094
102495614442184945
778879869840796778
550596546826176957
967016037080036947
624385725982487134
651239265759957821
895936150581593587
755573143468433515
749712290215539725
983464843017078768
145271124909949154
468076707950909799
686269571878592097
466129628268089216
141057201775970850
1073482962914220121
519186103162824344
490644231242263112
625467799977542592
567470872984140568
689896340282325014
670364558712303675
522093355824184013
527538168755974236
1088865524855967456
428895044790564568
736166074577769658
171806667326481594
789632086994514809
461241428333550412
522229953128816367
260682084254294780
618343282755133209
1007557811724238578
622644277878995125
322193657753258524
573343948137817434
981326864725877887
543910865357691134
331322752072216305
953182914932560305
536393319006026239
27231446510225177
1095639974525467154
885060922330423079
508089144278435132
1107701259379993025
1097330963122552773
982416400083358727
1131229629488192737
461435318118005080
958880916525829397
741492015569834128
98053659738677390
464597053725524102
1047573892515776632
1138402497732152380
261328604083130315
458874443503541177
312590348026174883
79303287163556313
383006119746630731
1145909285171753025
864560055943377496
984562646764498704
75587594643865880
666684645481416641
958427322947421853
160525476220125684
791629219815537534
198077430850591758
155237963127452180
989438151881042461
555389295775787083
980830330424043245
63046897389848273
548498222890727325
76018149225234508
251730876659767202
834361429732731927
908959473646700886
911610380275535738
854125204780841028
972488273277498629
394822963908329962
297414721717873125
257875909107412627
267759130420911282
1137728451593515091
225479673776557487
995302247297250249
532137822793467583
62611544029187225
835212817516330059
814342322857400821
141010252014842983
932325102341415108
966904428105940150
319717349749865978
489309009783790994
193364681043191117
472433716340303095
171820227306705433
984381196255467560
25582186505817780
672840886680283614
712946083975222290
461722871671292832
1048346408011502826
489027513119656314
820415926122751511
1063792504964244228
76895537439547109
1004032175843865519
310868065726974069
1097804052403185173
421585231100568130
833834675442660683
1148626706652772421
845218508493665757
800085343068265131
192702683979070513
292007014972919901
735055790306770863
47570763047632634
844038738566817201
88630568910283709
1019650315663265240
511068478936445144
397699306414130017
1115541536088357776
788757668817233878
226864100207822006
346691590033734718
499463269433711185
12357244471770935
795283203986273359
418633515167918936
119670879071987262
1033018092823946871
539041226612203352
851391352368323588
473200337797094951
265941502181446388
984104024693917617
431588381716249049
377610808321437723
774829595253869479
1058430167594020855
995465009746217467
781715374374136641
1004871006501671705
128004446341696569
218425850887221110
587532836797013722
831378855585790633
273550726439279401
13522011794339027
196220653602048596
30530510459369463
560820840852121601
801319513732462783
404708259593107996
474888016119529244
595162825226513168
510356495136106680
605450256355651950
420097881558591273
348157495507914540
201223736876491266
572341352086298096
695997369982736620
412258198981246164
13038378521565313
278007269093300327
1106894362506081961
935217115626595222
193176890671922900
476335786551344036
117220048378642107
17539423686233736
329726883284909783
306331312200216239
619811038303227119
958147886518719526
143698077564735412
118183107209323774
880553412427392699
404594135371772811
414278666131839344
360705818549235342
900743913748364063
741157136149373674
933479880385495052
740316234982251463
1127174411930506891
14138395891257739
455728742652637370
219740712666507638
757266104239371062
788278249901244849
168323480112927539
320960693564409268
998385140758490454
1118933791761973356
844943985882177247
166540455091524270
563693268756427852
999611188760608483
234494617874276262
53049697514326594
569728848725325171
777154051320277464
104064778389114919
1001000959629815177
617721365107047729
448766251832438824
107094083079246207
147653259509735634
237581742748182823
964961860699901003
832614454223353418
137682708601712871
929682983729101855
438542101222125456
1018807228399602921
62322117218304617
240776197337175264
112004862974295876
69123644823110733
356241524655033799
449369471190781930
709883923083647016
613574545486415351
75738539834837031
597342509307011248
1057925163991676840
1089677248716879766
771070666657801981
569078291613533127
637408348499465786
168515348122938504
1073182921773930304
181690862273824767
410892583976360090
759326118472908189
153914660170982343
908745144915847577
765002007241732593
530745331120764318
783444420301554570
1077364570611332568
892003870974137527
4683474145044554
708747712814794216
516099917903810640
1043268804421008194
571431242699188679
1071540952454885779
1054978145669874734
730749660716379569
1053957053931243869
864872794224698610
89597582411110527
571567040867856969
121591435521151948
220520709606484563
513740723917652110
458252297963122264
309625327727356142
39931588710730281
325640623827476021
904045245253002889
1014449787569570484
783582451819016689
1104179730615188087
896689409973453794
960926316418227576
1033572239651936134
263503485274440136
537117550038437896
619341649476400171
461164739423993797
668982481236016637
846052274392397510
15513292200293618
74751911915802860
787431945292259494
68731775820835747
108418395571101989
350869358073562453
875169355429755200
253135136359347526
718041147223676568
804772666588745712
924538614007121185
991855103647817569
1020604327208040330
111145489091253538
464176554582504239
461742893405308510
959896453684142640
951834156052963510
983275450590803397
78507354374074586
378421251818885128
450053083451432965
577579017019761189
1133340350748331223
316275290512109854
1089625001068483359
67291815961415400
75716354929148747
464261563538417894
795622829665913668
1127076632609343919
685114866157148221
279470894763096115
435795326884109460
977663214861112996
518725035154778583
549594543486034493
9045541424226592
748751019625079062
796710977304485924
33167392356050014
378600272522706946
333988321850557593
368581144180185675
131001630131637032
245701249036749223
988619289310802312
102048959167138208
375843520939610922
162503288684816143
898830281747437114
1015236727604124249
987138705645852454
840290305959927483
768959061803686152
494810667649117430
445407371825636566
891596420487709409
1106227028532512839
926450699052288050
444348650120772714
490426025353801081
217075518794417910
874610131714581463
1019885291732385282
543883381878710129
339403044798773601
1097476110065761301
566663603603036067
724108821135944748
718122792979349155
895168679154080488
166351776886174615
781410457917726385
686450287076114292
432041728093946819
495227057614080923
620807674510176480
844553340858048741
785023464696109947
846743975130081597
669930229018245513
773374427760145906
761341647527178010
100973071505854704
545332329657453726
385897554508344831
847748756895723841
1132277274155581149
1024411135923792927
6687071109764223
201435743405290910
60230133749753419
523366881490073487
581686553586358161
630221937061993352
327711415486132731
762587755321804835
668523681504527841
917917831821360679
1109377988177200457
251444200278162446
471112805982363936
582606142048671188
1136201408100073270
482358440959270079
39866777826829477
273226919161974359
266846613153781944
697947489121780828
41987556735488307
612483841892773300
424021038996077437
990356557783295606
159687265189523324
1141478711642745894
1138445273486606159
403466779575169021
385885811290424859
1088259342378920302
168199357994110533
952979915464863046
380182221482937859
408361898489747744
117959492823576928
715589529438339072
683474982437140150
996828787482194653
998848072904160108
996600544656610374
195361943432062039
337059869822071711
325955679699490386
633131040000494249
820200147676954313
1118609815890388648
731219330638829734
845600851755407522
280895459963332763
162875342224723583
1114127704541924183
990179227733531722
235581467492761755
365856870643506396
504671964212306371
420286190680204251
1037949905216089270
829730397132418056
1101363560581130718
1134123755959798869
231855093940261426
10019329733153716
918614685112250591
299570465896012674
219800873462481134
453310660894419253
679970448666361661
17182714694985131
840734257340907387
516575373391367846
425555716441071534
310882055205235494
1072683574923285692
818225384627910841
369798080502142100
892775266968822480
967694900930614804
707215122569522645
1124351292060354622
733512275632546055
114461103472542038
651918206464853222
1138915974544723498
692505435508538260
332777371395335150
113467887163532725
89802394125807064
71807995408705658
299527922612447280
1104671284731917742
602489045866464258
1152795495441624219
19161476116597720
432520150810579510
258697326303894106
469620097410912746
486337981223822971
1106869859374566755
862752805640595641
602440559438277471
798557872961847249
566834198059871523
47096402005657625
527369720380520970
159311441707280563
780101115651810786
911704339734284078
1037273252092549989
519764394767571695
238678294521743202
325050875776781143
1016420198889114263
340629181609869874
101795798364065536
826724461104039459
943018971515095539
254136385174576342
240068153975820734
145782901541746298
74711910549233747
177902579739555065
553246724574698217
525038376016695413
880871263860375873
577975070726318796
616019309223733500
481102930294403169
830087105895946445
944513997693483796
360782979721571707
489872773760611807
601330150172593577
554830835406015818
883159037291029780
689971693317613007
737194873385770015
206415706081801311
831708764209765332
448874140917227815
597905807195188795
413003221203532157
500410814321691394
560167680562685418
903144930520804064
265001209418223038
1074791614196591898
258331163746869597
1051538789027543289
211925764646452663
922493759990768192
550230771137007878
664240004650896362
1026609026935048209
954505215090139885
195822992057327920
621651601248737907
1018198583476218037
830084940855858605
167301381387635023
119520688568454691
494752946208396821
167919600878951986
896005068003074589
451772961190143174
423333163395766204
259847131452681875
882586771298888434
1002983203086588916
832940960850367063
830448324460820431
842734316471831960
229808907538089719
886972375854810199
1082510388973646424
750745622126363571
491150340100743748
707954755174390525
224693052837496147
995275342731063288
597440584238245818
294867975044684577
508410484396203461
704054463106566621
1030625430934348780
323915363291173517
736585136015054551
157976663028471899
1015014843332329057
334910905737825939
681880333928940048
841428027808954086
251728780762073593
584869393183976912
238258479754505388
654624620799123885
548863030252054523
615905734277946456
166200362691156383
1142032723662619286
629142575511835219
23204450159126368
946246856173611380
609445970137947937
239229999914495926
29712649019442234
197119692970471048
417241158734056488
248471735508506843
446749083549936583
1133953482020263099
53537394639065242
1107965319642933022
64591935931680297
800604095661805425
848598328583076188
1125130795951520166
316903043928084568
493136627352911668
932956430398585905
208549066832307091
135452697831624893
919158412754001842
670329800240542232
329927839004147560
1045319563012906456
746648682579101474
535090818113652092
864346586383478620
696674619822009730
