1000
754046361280615651
91330703987891934
166858326861034378
561781861966812086
71274364443255978
790679185052356648
184173726852106915
965856684578981483
351829448823119614
424040557279356361
470403021062262349
102069631765007823
299534742624546764
1085782349946558032
74182878520365795
47251002245008254
1078559521335581703
203775861923995312
994870316609891187
562635569027195266
192682575586868150
801742391024760256
791941750199923424
100812427643145925
514077139776839006
662679657718228271
260577539992725919
473832830551083336
1096747911616135257
609631617927580109
54990505086550295
1117069232917129341
805799790896400672
319279038950095119
363100293060845946
1152863278900073188
167475830528999315
310497051573831497
103677673974241490
309453759006114348
311211685881864438
872119994858221697
841234336370950993
895549445774386091
116181634808082730
89561639658979039
747723708746603486
564340672314333131
24292910265471502
802749796666836842
391052625671014898
873776966056035653
816753019869302926
138977687089302454
828871390732322549
333523593100367987
153004895925643866
698217010803900880
532638262972087798
1115720641205582699
259708807196184621
378811523096796529
578288605326791002
1109828948994152692
965652561522782091
765155227865783990
810686838974620558
945614826480254363
695917153363739505
509853434799270185
205927437567866650
1103255196776675173
723051235426717890
493241158856944071
1091831930214755099
413873011008077742
2027436276319130
958082365031381877
815609489546653329
224686409783862824
1071664563209384423
1084419783217171012
880674662919018070
1116472816470702776
1022488319051134048
208883371809623327
948112004158626801
17041035309014789
830760396664528433
142844736515921104
626900380332559595
985908361354957521
878226070876273590
331947329042034406
969828054595609284
1118808326149149900
739150024504758241
865839226540653561
622821688178664371
1119636736203091481
737776903764692154
575595210897111330
362215519964484556
649133631215358032
1128351274430638355
841964516084210973
379822842809529210
181898654280023071
161752569076787945
507600534606774365
237268402030815340
937240958729802266
62135036721607238
653896009807422387
155330834679375256
1092536566715445214
715398008262437864
102195803765091944
357921110446072716
726398667518821118
943228214822957385
839293758098787584
796457458361967408
31423691291753157
14461263197128419
1074623588671179044
813918006922563314
622702937325457149
967090580694291320
587000037121085202
1144023924881179129
160319618552403437
1115345789717453378
758842126897027764
439696416562349129
579010747844643198
231400238657101355
86360973381182677
501003031642681379
666229403604476573
303564691301888157
630918586143660269
324314469486679789
191152577566334798
317379068217395882
332235313954728519
638714766902443001
621143461691617899
428639037824703018
212097711271358308
961265022552643609
388545120817310545
1101562661120702888
24343850346350924
249834208694371619
322990988072382607
812296581272389393
36498044091314611
712746938748226072
995940641235903438
768802957458353802
661582782912323087
388183099331609014
643131209758253292
601421450041309004
135950253432027617
808424120011814512
798622400449021453
146047193059145345
683175831507755
702796923067425002
176687882975064556
21333292165572494
72276158628907711
907057992689180513
867244344764793414
146761486615759689
1059893560408602017
971035961447541480
161129875880618068
200554013559977376
704804242132495014
904277326209617331
970598939104751187
861042911679097257
497108704059862119
719043424298261466
230827065993530129
1085053084929521103
966608992722725992
359942357584637504
443105368134918459
785384622657632137
644221026644474771
669879492808326576
881337937418224691
118697576713124964
229242082246255612
84992543914245249
640363585384478290
701669047873648704
1018064078418396104
153745401982163218
1058592065687040774
863613298446240365
156864057073435016
347355400999017082
603647506046410865
497118316300846752
106832280878156544
779837188527845758
293404858921466298
303425337732614370
728187563889241138
659570071698747892
134996171308140541
193287876033072692
194412151312833805
353351289070946663
563614871740681676
713859111909400108
369526170847518528
620301088775404325
979597908762467300
1034838662474369190
771750552589060114
403093543991704546
1059105676464179470
865918446546369071
283974538983571835
1112105347485439181
484598549188154712
926544433284335744
76246525218127623
53089973878087761
1005493153978978450
797928900219407773
590660936982170368
319883020669434875
970173698922619291
258567929909751432
969626117283185105
880207120303773864
646755340601685395
161667046522952670
534782722661548545
251933925589810370
540586262878640055
317176983028593336
205947114557252484
825591134612011538
514431397991009653
465960771118850043
894734184273913676
1064267081079321166
96631182363229883
32657359573488978
327338876348251130
729049539262936163
103257165464028311
964619246801651905
560666544953005057
849710229362167261
834714473875729656
1057510157808847307
608632010324199447
249755760937069173
394642302546143683
388644574567069487
478925258142926700
843362282350879291
391025971111981694
723837038822572208
429083262997921334
147239598727473608
1092970565229363538
1075358531035845983
689249017254216892
801933395980668739
193318475259685591
1094845419749898507
974329282024149430
54356375518126411
332671910963326449
84829342751278218
435617210860281950
160396851153479872
372077816102186254
599344303848403246
125509269412950469
491411502194919214
927397085720875582
72206255835328680
651262360881408869
723946327452697424
407766428064874911
582773473265218146
580428787743702944
138970743561149932
337092870642360962
723309219825817682
339690677775156416
58728264420103793
1108691261303316184
648003553478409428
162237354306826158
545733473325560203
612025735991054304
351513738367773206
654924986295863006
608955735876142736
975069361304009834
129471948278091976
957665966650813507
262795682956471360
1112275662150078543
865281779889223169
374753357067569488
738243842180299832
528881514397854624
222744891961421226
220822156917416678
1047385393553299692
739281322588642152
962323839841540960
555497027995853383
584469059384954051
914021641340694662
55676163208094435
737113897899160774
1031397595700082192
88904165924092788
17382119628782309
921773567679982809
240064319139028953
809789756971020274
892145795704233789
754493868332281559
866848174214453406
272101629750958524
565738568377229946
573455907971826802
854805913847770756
1084322382528537664
337944627572622011
903183493758544346
543170040442273090
123566486455385863
507106483517694316
753627957151404707
53864059784295497
1073929726949494006
1057627626807224336
579219026251924709
651904100859802104
54558102744008322
409628657560469375
171959820323952873
25697953698719217
668474072168688758
10539168603599459
740053902439082906
629366915865169564
49920184937336502
752250879965238799
1074809803440103471
81081168683546777
60706747926402767
1094848000011256519
543801722168918043
100347392184969890
1053442720490217932
575434862191426178
506080957638160849
763900571384026026
912026270003771291
349430920869414089
363278727101209309
832867381877183741
316299059105569399
470032702397994345
463486187376044130
528553673332184829
1001829978788158409
147258414214641589
52558720792426318
284036125476455705
200078934958023139
974495826525952163
364484108741240020
186899147913253315
1093397550305406565
508026255916858620
638051587581993126
1031373013327938866
9101831842950916
677573206991416950
901936271530814656
920566684514565109
742051653181037546
559056212619412969
296063584932623345
349625359656611268
1039196851613065974
325094965930629854
653683042401922311
1074736871692121137
56111652569202590
572190499651210561
654855504955363455
289644267842456916
1035166324711990784
1009880846207945798
986941014689486143
41770748479689995
242160390596996983
695215796360983781
403584309437749761
321718954365210861
964777882722194058
86290708595036204
564214342773297668
574006926656121112
810886468640605675
925149485784933096
470779500143905136
566191863663291715
630800887926329378
167873508821222484
205243247447820372
671784025601337618
339321219984918838
1099762386493944656
829354039514111323
1093981042679427874
590598405826527458
741589924627690498
280747778484118844
61674385587866033
980122741626078662
501943303359654701
518344602542502599
1137596256655689189
450557224477793286
597594974224907688
272549413839794138
647430278226715320
87065218212569323
443606818916094768
763019562179144000
372794631061600165
45304237928407497
1085422650316131638
262342352762481839
656898232982879883
311448728574089555
579763086802623441
752337411597617662
253656141939141151
221601894167154140
519211812475832037
647962795496339681
701527334115236726
527441752373262053
925283855142517300
627937912181735284
922876545209573009
119033602391218442
277381780923040331
782465884480913714
896280747179022249
102740688976632480
417808701150360557
422097384908266283
543561742025844688
422270850324547980
744158025061745761
1000587955693612273
962177973773474875
980437202370544405
808531773086592233
860197213063599250
548468874306231564
908778439213029709
917197061646819820
531765602671404497
461700756679999551
262059687357665782
762357262369725624
720181813828366882
289763298643421129
807647083795411404
771615874783251491
759678605040704178
286709203809497237
797477606534451836
451211499872709131
302413697898151226
436837475709771025
132886976799635943
275091456800556646
152320591636754346
252467842858515152
783442380517864577
695768424536610297
1081911666997812722
77954345362192688
960638632072451594
135829225579154496
67589982153866032
57534415283152024
212605571673256300
1008887756998872971
113734737375697829
420019179166714916
993071866445674424
189960843012297600
416511475327551790
451483239813187161
831350128608526422
337328943798985522
682213667896837816
961509763831152896
832489629268702708
247335406324139656
7933373867968984
1133550929461221121
1141895609710268013
727419430457349216
191837455669748986
184014006477323399
903865491717838824
1033388726115603918
357237361172728243
167880521078994663
1099403737960238482
577291361921098752
3693325538589699
129533344072566689
214511036199306076
901391033572340562
32654531251462266
103704543339857394
667563455129089212
219741269830224662
381019963199095329
45983320400718048
760812227560621687
631867428032572100
1053320757701034431
933997399439964895
171716313139412833
687730857857527428
268389573257001748
413919245751873269
173971714800887873
130840395768582913
423212446358104586
770378364118816912
548156873116097353
622287741317410065
159354142757531827
294049608426158444
165426125371921613
311922273755271712
1016900278703279716
914738459560392832
158936523109851111
977462852020265682
30527418721576670
392664924276730603
199436959341760726
416151477615781085
120408951564036019
1120273485590152835
101882297433195756
417048010346639087
627352598683768604
973255279343386848
137111914840993276
413035368939263788
232011283116058765
88819727231141808
886862989593950741
317502352714410755
1056633546306644374
1008390667851028587
500699425688293338
141663619687147279
930252972239481336
5519087173396382
95589207376817899
199050395401154991
259062648959010770
422496573409805812
92064736294357543
423123854978894758
858557285229358456
629173911580259144
938085732388962871
856598368346281674
521202442670048942
1096964108180342136
968047032444837610
364629722579208910
676466038465026813
645829366775736261
390285410947000156
822011321701184398
282384727634701049
891451758206566551
33970683331215527
737976352052308288
1120096701163145574
957895979900749319
607715095779005642
982008674285239127
134899059711893401
604859072601165522
614155592217453187
630329368625053124
538902056702107352
970300679133671703
15992278939174526
656607712787476763
677468284301987760
978474594365328469
344318127092164431
1010145905178614086
433585016797953375
1132532704744068346
348532992194738675
1105077689012696893
1139571376059014687
141102904420555206
506348317643300392
1152296196666325735
701835531008270576
1148244886050021330
362548380460166355
591519452263221536
893239799322058103
995687973500738937
81019567047888402
994636553262698282
237578772093248901
197846243525465241
184466344188656921
460672407639005583
1127447905625400227
896866615172665250
322490794989567623
7532394752692378
762549850087942842
2237592380360322
163739127563749627
362600713717047670
964241065424645950
896987550836842398
266578042673055058
842064745445017614
376502337899082792
115934670660542320
999213838814311234
192853618324057265
1128615013694215035
959232358040291837
585666412575356352
979651445167954149
705571400367118263
775737040291132887
970795883146452926
600996999151583535
664522937713877304
61810261784927310
252564047452153086
459408353850932648
26714185311904041
478781863837477875
149605482535194231
180483731492950160
520012177633681056
413855901221667246
520358677516282066
355217199558605009
348243727603999562
550146085213937882
500535720187985881
469121555841801630
522781097127744873
583445745482847869
1031593579070877190
174240485894012450
1048333322234646104
881590576088772201
925792462293366054
586581884531330178
267426686206810192
32912905524032554
1095052422971367294
1128976924585915653
27299335150154979
388297373119010117
640722955861962122
251090530663415598
63763678957024227
415673626456342242
966647969559967534
1068458634963766805
1095509311165068639
1037543158868610268
652883970119292025
779368705250274306
1065207754343770509
253074198460349505
160184730023529218
452962566444147949
1056465039402418857
717612266871887777
793975732344116593
915500059247119364
412190179881512746
968517446856680609
51639640038725663
658816047713528877
765424948966029773
351875850711121248
181392770213465946
35779535085291906
868098905546717135
973712990853338115
734689016611423415
1129103142976640605
737333529501383528
1026993747305813465
109328220032408861
202597563055508500
414188601441618238
758318281361801215
141964825708689296
1092015243514255614
707567959139969435
434596672266706710
739328225317934276
280677593606573673
979701475535219202
770381342811568527
44591368943392243
723697779035025742
680841313839361094
537018941676014582
538988464260828926
930051160033774571
569374045673522434
552628802509643830
832984670623722209
40301897326103661
145125700432169142
321900926948942193
828394238972626004
799445492749049840
263301630731326992
457868491528211495
787033240613099776
1049411549140678018
75851333534086959
119039027674564713
1149176745498608185
1044409608051037227
619550973029541938
178180781061993502
48955190066457297
712227859211539482
446400280988897570
542430104779570554
309533368561685599
911302908247873299
764004531934673089
513153583249884747
969604621410537059
20668903830347111
1064798452075403583
678054012703161029
478365643365356604
251729114632222686
355109977926845053
292043235215445340
278600610367982048
753632923972567294
848770910821539237
592973597474140286
943310229994886106
289720473286669604
421726077552184225
62619298850404010
91057425699296341
853797905769031675
623571738351526172
1073458832233854676
307427097873033366
279588536797565730
308391345690836897
1053405784063512268
500869127326192025
1035317616669501202
414234547647120396
115423890948262142
512308854278905828
1002705436647010974
159143639039444985
67019623239984372
378922399700686779
819716926441554277
1070380167961329471
909871057901113501
882131658389725552
338622418489974551
671785972614967892
1041427838044098298
584131218071239539
1038243626241087162
748663899784792642
643071836564764601
885709684869949415
378654269847812454
345961762806731991
845604431662418254
42863931492324733
1082619313774311989
401866372087879996
43469465906247463
806588062231467691
837750279095236774
524513658493188765
318481944894597613
726114485767220470
926867667956978896
804377633373334824
536884534234505442
140986692389861863
382856486033682601
110096424462164291
351270025326988191
1041312733531368033
95486547011296142
934386742983965341
555257769946077990
189921152754627352
656958621303751338
1036035482656963308
580187046130996387
1146575490520943355
652659173774246145
630774784971156351
554036678276055074
866526477789396580
981149765046347018
544927753608928694
667563626982601265
584291792929288112
983535995264454441
491366080663214750
1152550353071167508
468051811165649587
636154169035872884
138367345196200760
318207865944371132
592023104898032757
405554348147588509
61167628030140986
671534605174270517
407703227099625436
1018802408177997260
223825506505934402
940449480949840656
1132663441888545271
600690709916224695
469066712962383282
884018903158251945
1037099336244872897
1147590065411529118
82434800960387330
725928779882375895
60580456661110173
501480862258078342
344351402789922232
1025218341384327900
192347579547462904
988368693127732383
1034213992141163115
239084179428265377
31234883587206243
1144148718170323198
349295231052677095
61989698570462130
642179105822025674
208683459120753001
1036296488927535183
61721899169709752
596810208842595503
1042951918773251469
1039238916262178677
1044462240434202786
236642682604315791
78511103581989075
502444553658089531
473362658753084714
439307405208131725
1150476008111525915
184562762037550661
247487346427000340
21917427516623681
694344316592222590
1117342918317499209
385761853092973693
601660761763218368
58719797935113522
765464658923590867
1152808914215675608
1073578010568523992
946075196557630118
909299481224933699
191699742951883992
1125922672049158767
404037901103312817
398104976466441664
914860444207903023
322930592643646312
781164619006889358
376394069606252446
356428452419315790
776961847962399472
847714736952481061
1103190010552521387
660001997006535108
940643075673023574
380062649043755111
870324985893267029
16305917636864124
781725358215477789
1104679689679723697
820408381291840979
674027985422490114
469148959672876821
571952279383415333
30353654919695594
122762930872408420
198094205595021440
1048747144792000512
27785769495052047
1106297775400583138
582624295375779530
1123247443719374440
409105447869093823
394615998703228899
655553528783006657
774650308474672962
788770784557269146
390413153426183022
558277239147076139
967471500772277819
669134822382002982
48784395541791709
317315908723378727
717765870343114205
1061699320068760209
1034467127534169264
916128693237590066
339440548014316825
77212756231910319
616907852562553057
1000795655286390172
225629300506119615
934824896087586041
841363045771230020
612667958005086671
967333328063830221
439927218375705192
538791594303302975
133197102442478190
271568503885523017
705025846075276179
600433858238705446
377195519312130854
749250508389128323
1008983302852749461
56197912421393412
251251911402901581
1026494442156563792
578055643617991109
170307506112638079
687971695949385884
1149023334412191286
226959185049971188
962724693511540975
762735758848409086
201528891986175163
955521608789083471
114478042950568058
313092939623182519
