1000
326910545644755887
191443194044150575
613980620365425793
693835158107279958
803714332404158860
843564536326135887
729804494426134080
1030932326638957172
730143606304431456
588014358587197199
770244391114998637
307198216277317371
736701709580582226
713213186568124024
272949109467479865
323831198976951759
546030082379271042
206577885296839591
180267881477360617
731434341649436658
821219489825934518
114326644954326603
1133889054773700958
432644079404319811
714264421283387329
1062595568004177407
1022848716191380493
494028105848161267
828857098040077840
1063549350249523913
1130250391784908361
961825261393213420
67705267605081619
197762436732720409
558418862472505226
451674051313658355
93557232836548910
1124060031283594145
376790214575547581
411601980784341874
377016767786151997
735095180183327211
1040917652996798397
1031920289222123627
178667708514629200
1041676410382309436
466204891043929634
120789027003746622
808006492515257312
626085489117273026
244557402014413683
528084396264454561
105128316095571707
164993815072520255
1150768224382162132
1045528283901578156
208171062019838351
231729668165402423
451786485574783909
674259490649590160
159627812759532098
99231029893124782
261376303016463550
1114578143752751883
1055778347967268579
275058321117612971
1050902906309801750
771190694640615397
175379510561899735
687060096002450578
531627312111435971
283348521478460864
19896368432500763
1123484970350614675
1079650882420205314
1098404428797649593
338733201890558636
573166091645740605
476645313361519796
616854272789368926
794707123396721441
1066864289439265710
190457031001953466
799416203764758908
143937052219048234
658913482361864750
318479947186201142
524628302468436108
52483119285551290
1112759816229212085
1070426162387667609
741253714711905988
689097940059029329
336879024128794624
645109927081002443
160923449185151667
149378266260650748
1121698480350727013
176957008468367094
228014842664973864
784253842573037407
289210418278923573
63383289307083498
863338677083310026
1102886406069915729
284032280656398022
850584152328893192
973856739112486424
231905261199577605
291767718964244528
758315695895793879
682657061988041040
1011134535268973421
246895876257413939
601893196669829834
609642658126291019
502160270874095380
629405718742038023
888991235188969812
607310701011721631
606338961224620906
756593079372920269
878065265442567776
238438200812664548
374361497080589182
79565990743682815
216312025157658139
904585752130606852
975432476496471438
731577259157313124
560608214961258863
828660962232029466
2369100374196141
436191401574100291
263383938518768735
421608461198333932
798626311523047903
968670339245814667
527860754410002749
432371738600867829
483220978751795073
897614576764485027
535875329160252605
624853767203704237
516727351155082784
318809569441378355
549696299546086343
244123545946516728
1020172367551069399
1064642621985330545
313652956270368007
828621625732921650
72370354124572618
1018760384995751150
413069875329698457
803473228642191503
868144034062689984
106616135929807264
739551065931524759
233063324567854253
828861725622537566
101740147964182051
350651856080428899
864604832704303457
252172168839572274
476592845952020587
1072407387391973062
1004559985464182350
64372211731774221
1072044704453236018
81828320694150898
850771369723254509
970418700754341792
670562630135374893
826836665665722449
946965092250207017
511179758391326521
520633313760725136
665392570040359433
1018441934390097810
674925404447718052
1069134814528009791
315341784055421006
212697206017313985
926175541713267707
464525419289342341
283340418821792010
1047210088735964549
488605346303045451
653410968661109265
232536220999004789
922937460384626403
806650555888008291
444333232890761630
22119443283166939
372096880632489929
922099088437179836
550164293327667116
1084608916507976732
32025407625236506
139409338057308961
228341985324316119
679046479595436762
647167311978179849
465010173166306734
292456932390144095
208614481165930135
651358843615410511
392587066711835663
902329121713680937
111801673002133428
981416465217226957
708740868876059262
670122875066701252
966317173386310400
1003544178938237224
902864349790225339
442872241828767243
1200323290295372
963364919451507411
968084924771303661
640260900293730292
320674982526166193
201002113527045542
710105318765084134
955919037263516528
1044256629975053500
876477601112819162
381954256725258221
693690606506050618
928035511771771862
87815552713593375
419029449010976777
724294955479800574
686078290548627709
46998787713153051
661854166037139623
814647656248771127
1078769800168245334
172313207209703677
1127345483520087690
783536396844726283
589355543951201504
731097157894283172
286016691984416861
298571392648413547
70531387140426840
236670200674903974
1053332703096206851
1048904688059233222
303955672839432568
169745262672354425
1075477172371368384
276969823053916904
804823950106498078
393178599051245171
378955595368224281
255659041416182028
409262171287566966
1148655428831568521
1029129533757292851
525329247660292684
1068460424816268138
760057882843769442
653002423313500308
463348782410718072
137376168762816458
73301938101805002
420733411752196496
877074450002935922
1091624681391391370
1137441893365647499
980488255426852091
1140108556464962592
785792470783713801
405357842670693357
368564894554697824
1032715700683495664
570355959981390560
590784203474151494
677524397437222362
1110936220344589207
1018458574776089565
503291357063836627
1111613218706764743
370039781506406843
21769174800862472
651526732464121157
756887288800636741
1147620469615815342
319002285107432006
93520050959718819
1036250745841174870
1085751858910311792
355410112659986811
978214866989610113
787974211915053580
739255703082875312
256154899587723582
647406998658440059
817980041514284949
612348886894445804
326105320487748380
199495353179838467
474174140298576111
487007156252853680
187328841070578331
295328893726328413
879614516359119995
333444812397024040
506080292235613630
457025322654608706
921449012980245585
391238322740269555
268698805484724926
487803221359088334
902957377917905361
396626898675484012
356450104860650343
1136920444404977105
133326193597454034
472220779512332047
168055644431633236
1060402457312129768
75281849954773990
640970062360022577
1102066648380019847
454211304393899126
1131731695613448017
511318083495559118
823915580744606388
427200866149178365
235863088304147109
763204040024077558
506242927043202194
730690691101443211
999906535661327805
393302007531754825
895155200036110496
871850354156754722
345393479287338858
513569984975768944
517735308567249507
935195585211834550
698688268257145288
1088967869350676976
918447802665483672
163211444299334672
1144943558190732386
763551361967671085
468522720582762460
518546875536432016
124023889939255046
596870040915036487
421141787623618631
862389439777047699
974391958224112454
340629736897060782
606867543912382576
1034000304259907248
698355890885907939
337731054913363171
928343241719161846
1066759414240836622
937656948882116943
995338837529504258
427344103687270071
290342253340163324
511820451665574238
845036978729434430
468165885291937709
750211182666989725
23778286034340302
82114311557894105
169687941440570235
1086825298955445456
132586747791678525
83662977570266016
243926205672562235
179959428539037352
1149317010023758809
442358428670974367
1119946468637454372
827660900886829857
436220059515986021
117074909869867368
427306306055260898
415103346489767548
186300376501757215
370813914458846385
477262344539419434
778883968295743110
615266659082499476
981500642203065679
37483951216294647
1059568739949074075
50592267985349406
609409589242752033
884508174980701585
1141307526721796961
873856696200720727
716395970566607137
1050288533065528523
258590796893477834
631193028886323262
937485777691120376
1092999895985018400
595932444836946963
1099242663461068713
776714920230335977
561192012338825220
674913520636481500
123987890654536163
268085239761485556
163863645708458716
833271309131331512
704777856223609092
826644383710816596
540082219785304273
638795951141579199
798995460344025423
595278794684684979
32365927811815624
897249719694555569
157607399332305291
333580238766062543
92181513391096760
232547156498708579
618019910690020965
441628352536218206
890013382396488305
58347871165935339
1073021574907888713
929025083579047768
62104076885969063
329124314498042136
950412075870217082
409594442016196007
219244681619950095
961075029979106111
884198836142547472
425005342960938805
703605766351648055
258183445354000818
959757445462780642
1088854675313445285
1090379057565160234
790601811346601506
74060385713434962
1031183494007549384
538443575320825563
430589345559823462
213623645743131887
298806390835625830
780608261612887703
720760294175422674
539738195955575803
540776007564302596
475213146404066441
541409625827462167
903405647979332003
553739704226462226
1091346518551699857
783641831807805024
509357367297375379
799627236258871538
1049869902306914174
838609590943320351
587451146776386017
1111832202079078906
324975156123530827
631259889586082277
850094109111286907
53773010347250762
664226476144639909
33085709463073096
712600410791625334
479667351716324248
767793638596348778
251240471756767327
270437242281229036
527328355133418581
1001347404496892125
1034859703405054929
759515626719176958
208628988446187600
248190582718520396
980147339190571999
819542216392827605
1006944064208641390
1115651431281234607
638172586705012121
153829414452215971
436529075437108776
318630065184194853
277352046887807866
1095709125898761003
532306674871108666
435280605403759529
675887143291548114
1040225167808769763
1069129641961028780
996417567054226487
251047659853413010
631193444549173294
516475334780423564
851307874980645025
245108065251685798
939529505405342458
324233318772723421
1148624413647438072
480786134021759752
84877285139949246
56563933166360460
330280651732048698
1032396968923847254
735068015206970387
470901334348962669
719018893214687226
1081200674610226641
276820673778364397
56565687395295386
639575078063932423
789453023952327374
316284321400135890
1012670224414882424
511279103261064155
266310554654335981
721894014670613784
360898694221265167
1042684194554197217
372593557829814376
138746570122830898
993403888309006348
525901085954178912
522875078746802967
167536116459712164
438951962464184029
495148270491082090
284682974030632803
685840928763607547
211863394634960795
1027026326516094035
718823764820945473
326927651837363708
131158459673597764
735769206345180156
1001572748883708273
764113325392299208
278720353954826896
637405805619285389
1048215145422006649
896067571374306592
843880578104359761
107344061535774386
64539471809538184
149705468560968555
810648094841804584
35699352931196919
904137850923194785
1026944360239634919
247043337268981336
723184501326603061
662468901794627085
371922331890485302
997007386568993850
520773773795443202
496912466898512763
43280389882457844
668468622143995060
384894271133158475
812069772469179554
454230945738436456
1084364839394495659
1040354494897211655
1124582175790059680
1122423318897333642
85461427474412869
100773167221225328
566988745739962881
999591943913731864
684014693368040925
1043462880245689183
946810470296415519
109114198590825138
429617319895231184
519042430718786659
322980540144289181
625700817433605696
1069573437866789561
817856163804597564
810611233787987914
860290486050095727
1125183521484211902
554475556864746218
396759023702212629
293652659167889532
733255363652155079
576226519960960454
815334595487533657
922574504240119336
247182071537925435
814882298124861141
632984929094092083
268973788882165001
693798334697687279
777916397383228344
641739279799906935
1059212930646863819
1073261357856628368
45995237542595961
817329843685617179
631610915383103478
1094756995923621533
1140383978910379211
639203953508001837
900143978607686576
630941512585474623
1114548808389358900
1047093753381126746
963614213249661254
26727352852380252
875559490060712482
765002440094051733
335799053171126070
151902085362151013
665222704687338202
1146478166444795579
389230777082332659
1006538399626859714
254939733221590941
471528599970202078
224649293476895279
1061033528106244735
523219107182167656
972843050001676971
399967146562043486
330569042985773721
552392745419445060
530674768857239271
749227802906357594
425904059858800304
269062461553493291
773576625977750757
264803485606164909
814386687544138341
1056966921544610373
486085713501856103
355034433895009550
630953800075505726
631019883163289329
668918765679409639
724197299614630525
461589664717321207
380873167776461352
66062665526912844
837363288330966475
875991810503024187
608142531653820859
534792030463773939
974187907136292050
42069045878176490
664113942628083821
370897120826140825
746460269556740168
21605767834716896
573373547961658923
548445813728405839
325332115966425814
1070946616627449309
276648149226851703
133428846585588910
940627353626154335
542067395520476217
204502612607223650
261243098971490557
115202078479516916
842492593329232132
1149359322099815355
214974297708299360
140329639197669252
297538978837388963
1082185727027579311
985157795944193637
894886289133823455
284051165591985592
852948912745365108
448642217860357158
223516310672069863
240818718339357622
888834698359088782
607025316341908713
1082726272169416664
1069995812456764892
418232714945915633
228780314044290919
148603244627560118
1050303891171834982
897356111983372440
360965114192421320
44145399826369575
569025986959197280
864200226560038369
885762828052155757
673735901288737375
193411153322551590
314159274094858085
1047594644846467420
412070577873497156
618128014783095428
696074741817376000
333224875627100027
796288260674319458
560520577172902913
214015867355575858
76221562233188188
511832102649350478
236925466166677630
72439769360955690
716572953776508060
534528237760772522
233528610681656049
715916299426425940
639502385150126299
231460767892027163
926472248600193317
689992174884325190
362007924960149331
283635669467945577
589720215034130155
17678947570379814
308328112669561560
709796067657114863
577115491294085302
1028605941938232389
926598424618870917
888688275242609152
25602855250415250
290751234862538243
892302020082875087
190934551872824873
620896671139079655
724212200467413082
305589560661158720
784882261697450087
602282400318979877
987872381724484308
495209044179018545
1149993993148711894
1135982607845572687
79305641736822217
156349662748401843
630992617700640813
477586936310835641
816191836657478112
516865868884909411
154904350823500408
1083483430407794944
588321450372642958
486625604209608338
690971501248525879
1076868543023206318
111356510241939264
1090049754276887130
608576191569975805
113213337810076219
44465804678888067
219435230911098645
1103676396056236308
376292307435867721
645565134739810131
1061907746131387742
315588056366061561
424918275971610212
934825655406956084
549006872873653311
416541787834870204
407546458623785285
50338174523748296
340218542854404568
449522291407033281
55364700796116976
748814803373076570
375048205656121002
245037290586831059
554446920841424828
720279425078230966
186409019626398877
902509824059972015
813865704026361278
1022800374515752331
1009173409026311203
793089678040252969
144247970624999871
196324190227711754
393582714816202993
555229992458204727
353525069145793653
326535956994682476
840237596067058569
390535937788965377
525825278741378030
867398165754258618
135479951622846702
320981110932886456
563603270112421266
121486915731539105
804572113213061098
1149789522371556690
282611253330257761
1026321666797555936
976260487261717502
330626986017764626
710232940632161119
932398300343537489
925861098525153919
960307318162353246
445541032775378286
299440209886841003
619988276102540365
716412520646437072
630343598173445344
115568207904023826
811075235459607043
110078578841504319
183194327359793666
204040969283403924
570453454845030025
773530051413316658
448733962989253160
454489409439083116
793210221341716636
901767266200160556
437674637369034119
331444310216733135
1035154899021050997
493812835829252246
1130820987349166660
301151897215181993
1092461284521547949
721089937455045460
811852377460643203
654569190208775836
283698975183500566
156551159748326028
816223373085685434
79314365677504594
469851194248445089
871109560515157060
624004193396083165
390038290093330214
631721582838710413
766614335589519025
262106537474943384
444394801774254101
616989088608987039
959620581294297127
1760554288240321
401620424043430787
1103938199705799925
918079650823601278
53363456244131746
953771089714237598
130816177983419999
926350328100735831
550492980871069422
70635157879938122
828931017358236098
198273719378526622
318634752425101597
323914687291150977
760588849450492211
892274150100386816
965182944285248465
666123562090868828
268492552041668371
17668684358484566
516328290057862540
755325441542856050
750314365214035331
611529648487544113
408574124677155376
765971837782047757
495303176860777451
49770199582776193
177909541961245009
555021734193313708
1143214163247617465
534647918668876283
403237458906711536
462237175469718182
750853355208238528
358527916707545810
431930300078978412
1104671015167906497
563258263883922080
423096548370122715
883774174346017548
940809909297345370
570257596273446470
106248584186603752
149853183710612747
7896684996551128
120503832329842890
827926529796094334
397459997851480842
975753440704911302
927701566914757031
115884728763801990
664593955407327234
873470024734253765
438628978942886417
726869385216672105
801061606550894551
550626340003255023
1098702693314186123
876965930877902647
674192510413522749
498586916426940122
704842182101539456
947688435547724125
215883050747060267
830541411569750773
96708474914524298
424925255025219329
220082049166442800
289106591243392845
954684469343775655
171510067999309468
745053279370493014
529794666550632941
20005935792105011
1139997311844552953
991507050184704435
753561985129855879
1044618728004872080
81081642715169740
868678622733561809
616467200557645358
613110890457722452
524069986027962842
429095438259084328
149616069153670766
910292071119486876
769892754211050600
78397233913136983
972672229822256037
113924632203022594
329132324975402711
1017725244395034578
1006873201065094024
873081836722858057
1003752959670825189
889670111518102814
669982265421076314
152675740911861246
707819372675660268
1143855654993420504
337180730208782718
834989831587337117
386509815417374725
635134874765191683
252190471942226542
673466818651584877
1029169533700571744
57601073405902117
541196813388609445
958911381422993886
1039788765204325598
380320954455138440
582447281151872852
257055559665419052
1117658471535979142
417632602490240855
231968800171693768
171021450588528521
602082547864327390
351146510817412007
1037254764352232976
1034542233128362632
297811685651753230
548344107197009195
623674454291906235
492474532418150023
443855795615174350
665735759980645255
961146294587754283
429253919159999378
521374010279685393
912230498198750525
560741965391110859
39860145777551366
1084223871211883553
734027687218976770
743018822281305222
686099176928258255
1065157040889023012
250694271543701640
782956237570685553
590778159284406120
