1000
1114519067336327191
990494874399354064
659121156326688920
91742694494170630
805748567077056447
756597251033002231
669690679309864440
152785131145345392
899409079892532705
969951368749444174
987936508188188919
398068274383601704
851712770754553084
756792527756470605
123991454114302141
92573783151253701
578698820583421019
497924540064439512
34629090562332524
1051415600409067531
859944455922567987
578503195794662930
84171637377836989
745938869406910547
698447243623668695
1019811843405636379
1150231017457178290
153491218101928978
241100910117605012
376969079084584817
330886672488436850
979283649756683811
783861058387427706
825208903707026119
1135862213391134907
387623672687373764
630556177267064840
362115683351178483
334193920873761794
162015288389592071
514333927942292382
1147252127455793076
779269018467302688
767479328763455237
1040914226586765672
353752036080811492
939067359342990343
590375707796976811
928779764364997188
312052612971709009
169453655139092936
620982322411742378
7423894885913563
827655002896800903
973598174666364171
383456310674674777
1124119045224821381
274736187617866737
584717419218603053
561465584476492337
645914780685832584
1067395723444477372
1055501121731405232
230090210223089384
1135596264551097094
488177823310179659
332247523839129528
613636790180067698
800902207797768315
407755322699213304
316815954150145882
451050770849727291
431627053554338993
404822403726479938
973948429513773181
297475707309546055
478398387000448648
121107748868291951
338671070243477169
203313771567723024
408125241929988867
620574730069716018
921579319154953004
938056259346894909
766876066157213734
73067409616035493
80028345468706951
267384903031952819
841894214421097235
143526697380175934
472147992782725777
718890858537676009
1047800172907524285
951072515943023488
1069311660245041069
1096022468589929605
608783293307254970
654049825528217526
1095876420169983676
609471305513658372
461294111124541431
147086972715461280
968464565843558900
339568108877964251
1024233539567181745
60296087299025919
929777602181857824
203402044193674019
1142554264449916424
1047981162070801306
527546600063074240
325230252882714111
315370931676261532
407470539451303200
781769889288430486
989826335380703945
997522118913043176
336935477600508529
919472435880150808
183078331342190689
71272445044828428
438140468813334630
555421900086442278
561307209509947863
453132536137892584
144588555079324935
1002836631374689072
820065580956296393
169360835526745411
850812059564005323
981225079253217766
495554598686493385
676927536512559963
1088487166271356892
931152137779665992
67994864454978173
848503549464606485
46937635321446343
432074157421188394
637591264607343422
933542015743730659
530869393664170857
236711209837073665
588969284760986610
923276204934149090
367187619434909645
712893177105407109
124747886539292992
616127407232235124
356012446080903329
279530029917847151
489398144441303905
133181220247925122
174509805319366456
688043290287347601
273014624958695940
1006006226476962954
611008197014124698
337631625089315495
906569490055682032
617635006270642035
580182885732696579
814099122672503250
229075830053341964
75689662511122710
1121647059143683148
550908779414934698
389463899897959953
1018945360261467007
809186156655527500
700555392266257980
248347537004247217
733757573375499564
731804958400646335
642590542396743898
1107701367091580568
683985274899848606
864658185779362654
1137449026678051365
374273413342237036
1106733130811648521
524842279086114671
366477662287534100
1143712349390878169
168436861498740495
258282519992635512
1111432345689829682
813842918629080346
185921222110875022
326630907810983702
783132121491483433
266925389468295815
350349618314483814
758245347523945423
261378703116642549
673105726676247784
127955323570073613
1068459724298221493
973681907067809122
587336837984556864
384862097898167724
325458725474071074
518528536992157689
503823936856146854
564725132929975543
449441284156792840
239451403083691699
1045621172871038629
578522283002520215
652832648799495168
988435395438205847
382382785020091458
913379658569505296
210400753424628825
270274262029960779
166160190618924504
320140076972948288
120033570371583554
260292708300821373
473491924888852813
449026979583336641
445162877071922114
116679809917935747
582464054400090428
1069034113232388937
1054791822664430193
272548593703396842
131295560868863281
146523835668315419
438394731926477861
119339762533972577
334219987744109702
178011305111219648
698621385672484888
560500890367968029
907036859531678306
202548785337157933
682854217434063554
555979126248956571
1125067669624889249
688438442400256897
200663554559053688
679960452825825312
660002448793105079
1021222017925990487
1104851136027827683
795776035524260447
1005071144834366502
1148726120641280234
871353202290075573
203997584414026776
270278141631358294
485389267043749856
441911805828616028
699064693440944514
582893627548052738
607264285914635489
936856001637978041
392260291307254523
73149228536395671
586627116153049932
580792281364281036
505945439101048356
1020998035165035782
239979207773545452
650568571119804215
806868220933483164
24091132782674945
599192466064859884
245941014432727553
1022230749388561889
858856931074860087
808021765515034481
434675265672952060
375946727699096335
488283317613206260
316121219715877114
1084812172342228020
952367356236917818
334014286551315925
1023859788787153201
1007675771784794510
172818685506166216
803398921291071989
950285492759400487
897246001810454569
813420098956650868
1112019498646324668
205329018012283500
1001875111488428066
605120751786330165
424370943410537470
149393295255876368
130883323251336371
120206621453821960
1038678592751427635
1125036297487728356
215418738481990689
252015936611468754
860856205199089054
2592984296290377
594078013819404714
394582821856481339
825054467697492035
389588708017384577
721569120832794932
1077316470731622973
695546500064195937
509227835469944810
64897595220960108
704820367348895105
399628762982857235
421400462528962929
616946432855047311
421225854176820274
49892327667237229
840423806184771609
173416302867188977
1115614111700213030
774632758570238630
134226324003800686
414689677521555327
860117697873290990
472396011243854039
313489025395132368
422773631250844223
308638661472695571
21687342022057234
176639466451502819
1016181832504418968
537845047574914213
832794289177677948
63731592639423382
985705409102154803
71760208574475550
43086730798469322
511511385144403136
726327706228952315
114935560532879250
907182323846496181
1145092599067777363
735449840157215034
18506401474994896
1112883753794130359
412847708475940805
768954953164845198
274217619592819122
266231728975467198
682224201382015976
70752002453967399
409033976316543229
1126792450884381785
747080843544311466
576328539859896165
1108679698594951877
583848973854216107
44213633356643651
417157362535774674
962135909852014798
532261756516418296
708824103428252065
804002691252572842
787249840501991158
844944218706347748
40068211774006628
627603472772141967
760910269587235537
112077616056988793
759105080856512162
760189611359076573
600050860963299708
1036036416561316765
412455830409140083
282929493518422975
1183579135153982
658589481141677586
619667459931261635
730601894932145562
617800661587893494
898050427540968019
66823458443215560
1114914417104850132
477238504281437037
1092730771308211974
569223182152389943
446589028062085494
668277156353367913
945397622835056395
324084445420610707
366551549138474202
869517968396741643
1136399743630415147
963954586769740110
643720565432243318
215415371778825473
841123286963001884
207302027223048402
873678639932563009
494137631009851631
647323468710783344
36282034124241995
477048244755246488
1006602406673469483
1087466153153699353
453325456454066409
1063365753488764067
173195285705021927
1092495415510759421
28390183917057442
405180417177255411
5708628425837708
231769272268876627
5761447854428304
795570355533675005
165102124783654964
1064525634749242454
225813832920418682
670604163485855873
618348296251075277
1102680668504458323
931815101813853646
269809868666200945
685826041502946317
422419639909451586
182305008243855761
97034442509813024
83848932226680007
42220286342927461
637015305240332444
222038542989141011
365517499249781237
685575903830095759
541707837418470211
957718728246523297
1063796144857376110
241104584546806
679744110019509700
710018052829356839
54994307328701148
1089481550145430722
994743395940861036
635574857614149779
268032166260164731
518203699546674945
227490803497101643
787004042735013339
389712851855480142
202830092979981642
557818967984713932
921536271228336715
327408184709927225
358025003593949740
148451034568725159
308079945687463224
40884204906240438
1022593041688083396
602741594850906342
450704296758796538
690033380539527401
544913500947934612
307383985364797147
284002338701332349
356617192236200930
55473732297341633
1098785682981921451
814503409881893956
213460728235124239
60603680310396464
669934568993936041
107669461618496781
453392866775171775
446652145537908510
781581466715437361
1135222515548600387
1019177764132312114
1047335521310805983
848576535026055363
557064760213181724
683049793892439903
295964630960273973
839488856652569528
786845848633189296
759672715073056181
1055959957221586548
769431070907558374
1054324442384400963
405655675128661835
1036019811651730810
135391606118400644
272296147575325382
924348370378439300
273132031092401252
25373013239109487
386429496207575983
274827480629405355
1084325038991220242
548944530555913472
352814619179396485
1005440167946959226
353423333164351065
395835711377543282
178084528574924180
10570291266734729
1000938249978356792
1087645269390438491
48790899694772338
834640247493770729
362287293488532490
668803527980299183
381322717925075531
309814782856055600
193036365286419333
382880313444228991
73441455673654379
190938996145899768
905622551228302700
331311373475819256
565443943243188163
1117964706230600639
807728923947568512
398487454060837481
455255141503387974
978887169340713826
904511947838036024
231885059985035863
15320716200590044
748625334190303337
160850342982498411
590121374670044030
929886030099058743
1022897609964135840
672264266149756552
1129255108838913063
556579681010310212
536608995756171335
873332364993709036
827351816828344960
795941953706852498
832911232845434175
889038543501538522
144031652078801398
150467119508842508
659020131522141778
453488841722251237
1013255714965000328
715386426509490614
714992661106992677
1087870814027518434
143700646620860581
183541309958671923
816359276259139693
57412916197917576
676163146640794557
1029518654627195467
593316360987219306
74757250060801493
194893709017080649
1079334388335327833
663441692017636048
72736438628779827
1091347503885125011
161813008995108708
843372450727855494
279452559161621027
345991041319675687
907489897344398051
631925990250224835
587149323550034992
147232101841523001
335686302511648621
897479660518879320
318923642143940729
155301391769718929
192423541127283716
928068238227934871
805818084273856495
669805557066631111
412045403756324461
106420764314767621
749915614524673218
658818926588250035
1094790506535367085
82139867519397333
198029796242563330
947378523397572117
578915183471718328
1357052863330013
117378809532996403
1007021381063863500
1097645640489043246
702277126516688113
245842257259106209
1102499011703765684
221130333269053027
50225120732814302
1072009588233963090
854334610564723273
153772506296556001
297887524911142221
178553341773175428
88342403995281139
430150032624566711
217795469145336211
739355210282910876
433975997528925345
1043089091636520358
546266606458224050
658894199410192770
600186965274231832
231466468596287018
671419763448468687
648931075255760741
926537372761568887
957051083043031242
855973201371924788
424792674251614428
1010847080936406900
598286733854522729
1071088118349156626
488381815443895342
422473185547575313
46872904801136703
355852551645948086
865407192776396833
18750333887026391
256848684103777180
286312708141950934
161922116347550642
400315995749604755
401448536477313415
337959771383366772
376431463138605545
407470972505303068
899159212149565631
563086632100987698
940420069762452477
703432473360080481
19155067008176569
548889027025225318
19291036054830099
1026450712178480523
580523519355184240
415674821514486411
77305797229834002
967509102955347481
332792197343235855
220213060829144569
1049535225103889886
1135481270619383245
258602805002238322
382465788477643059
688444714611088088
105300981816735654
454021004122223907
342925866945535215
952602360424953396
676152454555153258
588109904582667685
948166356092569141
57295029780036472
62593866662425043
642279665706548636
1032498490681626364
707241036176415576
741299210031646787
432209465163982545
1096025469492487614
647433280553190094
610766952181547336
171203969748354477
705520732259909786
851227979838071758
997758683789356511
518588774401785274
728206086999555571
1102165850687435115
941919768717327288
296967345616451715
560348232125561754
1000365696301402049
882601708776171060
21928441174338210
119487350205991951
945247602577707507
454777605651781804
987808227086623755
1065339701220746478
806902753823277185
46104033684160859
835027753760680075
696081508383440405
421073684770239884
83181976686043685
249685028085398514
902107494299831640
762737327363163273
1134259142900531950
190643986721141971
342286982977005127
786746819495030420
246529760250268209
417619514604084258
428101289198743482
453934765928822697
826963984753138295
979080076607170516
150895307957677659
618281479145580144
545625136426851993
285859625939264206
776007257711564066
21901921947918607
263890300693329015
1087923209729888470
604013095766042477
517435202279163050
468732788824066442
975422763470684475
673772997632911000
57488977080763883
793140499775244547
103350387849489117
941832877178410306
73015457500518002
668452380664229118
746974534054595220
213800005241506882
233884440985626157
91786306663015242
775497522830235173
364753660749408677
518607116810173459
924017270719501109
572548360056841545
984287380795632805
635343753850791564
480471989139445585
287644329979523946
605258809491373158
1122369198393242193
474374236193948182
1012385097328829782
951914021818787317
819425294153102973
966340551279981637
200875498101763436
474018718161759483
810815301284912191
1128687503284770418
558071977587496133
748677455213699787
501578644160996219
716797025512872738
1066096639045875477
994998343807758281
1033728184506469574
398030282507788732
154653022014861735
203767715464600967
1094489815990648652
106408655229450075
1058964076636071521
501454865941056935
389709434947534320
571385021142181367
586835664843953261
998082072220246793
842394377647347112
251150877098140039
525542262466447484
362935737991823052
955267401263639911
308065691741383176
115504708699580913
903757125815281167
703165554338832507
428619843530216086
683714420401962773
1143941269856111243
935581835905093199
4140039739387757
498140599412876136
18393510459986580
857588833273000186
353075934062112616
930590247655391062
151294995445846185
744193806285309551
701076785760449026
1125534130147304024
656085035602695614
236492479842134349
123867451111775544
723553520821203639
581865517703867640
449417485247530504
872820290809031932
111800342350750227
45389132780753541
354996693959351800
903614777607113020
68667076634845314
507697038841338008
292967104644787512
304830220614282305
337951513548591273
347877963722884981
1085264604692385540
555819618498232927
208364882465254656
289293017353982996
172145782319195468
455867251208528236
642733611644988193
239695868100208745
1019157083156365357
957382113099561108
319961160222408914
720204857814403943
829449638223221382
1148574630891309923
536232399935275084
377945330656816436
1023371179023114348
114291067553425865
1022763628313872772
431212133860704520
905688866527148435
264604847307386666
894424749351702868
449709443043440812
470289794190236445
562196952053754170
390573841815224110
622718066243834739
818927865182608120
596961351266342774
733230379903182736
572904237517984552
335827732421345445
12986123388649859
431227577218360472
286296911032475867
949642533753555191
1040377237870325387
312425013451351160
455283757613024900
125219096110148193
531360410361874886
968631315269145233
944314596211359191
92601342838836321
793003804186110210
192589215501023147
458795064159233264
600373051079261149
150466269594769489
722789439311234122
139348170949900287
111319680129934691
978049898208999801
724330195199895938
545283751834731869
1100002787295102557
235044383088462049
150096188343899441
21993180144444476
687485443772823849
934894481619917550
1141798077256567513
890024069600444184
596925267370591017
615354411104790993
260677925442011363
969552686895573528
417839524003357036
254634108214291688
388526960808260236
169719753759750016
934551810088365489
499562354247464575
259423740737765605
534729218191662727
1077257288812809199
431620739687938605
761902499697891443
466105479314410260
38812150645065916
1140207445787136582
754512092041523248
415339062341327255
93514280027026128
687811438943197459
226693816320393534
805786571511322449
1048668259753949602
528876397548225546
475245711863897141
731399404956473323
194420216084955261
858534644037596369
808072061143672245
1149053702472360479
781574212224855860
504522455557370854
1123438585203245793
514526052765818030
840306643573594915
75105135263039737
536041266700368367
921664648015896346
487216280828768363
186280422508740233
892192234568959163
932217854882064458
904361185707488114
122420063347601604
872033979711639049
908745779305949166
1127375842698967115
305713011497045530
145730408331305190
555319809023061800
917019768018829412
1028538979308414804
840716974532101728
822171226874560947
295417340470775749
413246409440072016
38174364091206802
686805527825413068
113307238930667573
166094255631747814
1064806986593361506
567609627792670122
1034759659733336433
835427913045864129
255693816592583753
355255561251597750
1061614103009858462
265766251719025606
87951312220853246
169083299038759690
1152900610516020475
266302362201287786
123485733507413739
1086255485321149691
296030051480993925
598520996500341965
305618805176214131
484066285339573620
146109593564564498
523017656154004764
158678115179884272
940128608910319926
1104820140158195739
234791114722286479
305608525082920602
26216989467669027
235279650311876732
900168909273626290
380720631062248892
947741863343267887
2655284074914285
328211774839485315
1063457881007383333
709978368112876630
797605733558782907
342713228147766752
969909832660369104
839756295978753366
848510730550774108
1125337711002854419
636542136783410332
310331978968899249
535642063859178081
640241919879121605
396214028467657152
410573605271362495
217575988395053101
804879332857650862
654702566571662710
725417325802672621
466583942015094491
477652749753563353
858441512228572155
113307983383395516
973753329468504172
597035439827535055
753257686300277830
104370871004750055
104656979705930791
574508007445250423
82264087685836989
560546261666968820
154376093465727021
155283302026754462
740674342229210261
331993654309738725
363712125998599033
