1000
1115203921023214833
105415109507198160
976740284877100616
1060651739053965127
445322350358016672
293916967709349283
148960376106637963
146314632128913366
1141794379672278367
971466119499635355
871440082804296769
220723863143510887
876202962426120689
336774244997967241
51980481739932656
197258031131414782
917990761675391526
344161857132467128
55441365523988269
758426720395375627
233277120966131774
1071943071452000452
444339320438697015
808488341870784517
1090754469655699442
89146249447919858
545373014204253655
696970945704223800
54691144821832092
736575047370992964
1125607723735707642
343079138823082346
861615269236435209
624737722555355957
502728123116283687
1067326366828198391
192793801030998042
734965057415137129
394619331757108222
1057577851451892826
756696677776647422
765505453640087104
802094773501450498
468149182279385759
986426680911680928
1009899787207920342
527108665422084818
959461955775458031
618777923760313549
1077363611683504850
319602733770685525
633632523404537018
185740778818758872
1063667889405646881
403198717567650443
221512717949172106
58300989380584691
181602336939054368
1054063431657872662
999526200306828610
360946570224013342
1098572802144143819
319411755008574084
676286791665110853
140758164623730690
180066030047590126
460655786819284678
967020555890500536
391706315674780386
148112246482384513
1083349516411542827
120054264375821774
524863607653792900
358953769425571796
272283988818475674
917913120535274435
1019296714030392579
593831778604365161
928041922555481849
119342717181916337
620729569639334127
239692744069040540
777267330057808503
961750986734316479
579839935500510242
900068277868188283
252782948301690567
186633241285678523
387289152140924993
773229934634381360
672125625086800640
854468179307733376
529084978671673141
484012418573694742
58042825293354415
768446827246816935
150918751093040459
995327728318698518
985378706524888176
843947729103973321
1103998158773048996
580073723123369316
738724588685997948
19019262936126316
710831059316454734
449337662087520733
1033731982250086119
674518043508669925
66672274409296306
1103467895112614227
681249074030935925
551230999805840336
913108997924160437
279547273543091415
425876796430197766
566948563878819694
671503495672603748
765448099665819555
444870676606264591
479791078774038687
67193819913861362
1033773852768456303
715654230930662142
742691465397172966
88544266046729973
203999095411046662
554621653815486431
729599286477276936
239584757656794927
379046464119444020
127886331607852799
902972166297278454
699360446106290408
161312847146601514
1077048329515177685
731390918231794470
504073861726180639
340360846164768621
21033225490016153
789640214683538938
886414408279291244
647979552180694889
20350713888630087
662908841190785919
364850644806763256
771615950000476995
118268108058852912
132165727637224269
612289626889558031
850922934162828838
800206385869021764
622077210925684861
584503762580851292
732575734061136783
720799364892927503
392013371659942597
756656898607963644
173645972668386511
1036956567807376735
516860072307955118
632854358927663916
371119049856095039
348605075261532283
1104033667044055234
530730518029267114
1031941645445908078
1059064806617605232
585644491562066837
870378329924178216
123609309187400370
92713228970346550
726242952941446112
150061704875823522
64991008052285694
927681046203082345
751730159748640707
223233927941281021
254050133131504416
435327122944655745
626748383510925444
921290701940435302
861206351390761845
280280456098400660
865096925376310489
414397973537160963
277560426201101976
437483169357960653
512260663301006577
855573711822551308
82791774489670241
568454798665540197
480959521547523102
204040378141729757
388652167743299232
452097983462464001
118242057035539612
730612600836402784
701531475133452503
832640144046736133
46879038409205021
281422183407214349
1143996817393755315
1137991699076991692
74151662996324714
875182063150420191
766363435111060241
858763391594271440
293737502828776268
402486129021187394
846140034883408579
15537859098005359
264506914482627240
591056546470332762
592723690477085409
379481278934005777
877926509159236014
70291731337788272
987816059585690418
129597971272870524
700912955777853962
263210758698155121
347741206882089322
301932640262626873
49423602255230915
1084030262152410735
311312051505394051
1131812608440061468
993393138030811657
292872130592166289
384463705225657127
208159715617806057
496497557223620296
699975408574545471
1067301399775211693
995748334342613930
303797384040374435
503144504121378156
1075516517653337875
614595510947346500
1131136850723709376
653455415948695120
623346977171493986
5009243355372934
47218565277734394
94767762874717190
924598136694735092
197500745863993999
67016378215786053
466111235485269258
29391955349392443
265217230170796956
865666082753631899
1117263104140872079
650344057891063005
307034671592383921
382153923449205076
180553548170658849
40347810887623597
297506278977745050
135479226455916258
669884480553629250
169437867938073879
780981820576087861
423043143626990003
705847243657287177
805935048818334093
1023320636831737819
562256719192112284
78284164513453685
179856352425723022
867633975048758426
553005963444896699
37312780313869037
1016226225125258152
1097912844592950723
550155202633624880
742180377269481216
501660221946294925
1047634583071007312
955222351709082457
504399419978414360
379522349728887015
469478644219568385
996001604796913401
579641808682463346
527459678587114895
296046837642007034
818343218551638705
485555813078485872
719566524696069105
327126716574097554
804931761448982940
534427398835455624
743251512126538733
69732255744780034
1088344915542142183
6524745771496205
599962331929143958
1027729247407230485
551600260367860844
290118872459669814
812939535930340872
947985073448635512
754045722181768024
1063900693105167057
258780641010371510
131787489084354443
765734541592221158
988227510827111825
856162229270879766
190030573574735088
658244391476103734
903151100754057803
670320027754923688
28070609899161728
407522374049092683
814858246415231204
364933269851990103
1057879220490740661
1068002763339164407
1052370623858639086
968874336720626780
958161464128505952
198620520255154833
422865586196561800
935278779247071218
873197415574950390
730212212658467009
255303892526119147
102772157815925052
1033943458155902977
486271851708209184
871605277280219824
978680702158547683
1011619896869830775
208055778401130324
571687163072012304
8712878482472919
1063110521945279603
840348313814616616
15682941322740713
118660701684950665
568601868748679255
147910980615794501
169447487242757838
67758803241690446
117338346459676836
990926244370620886
334107682962803567
444103982742684631
786386108465637720
841261135638220906
176163617349334936
669149707706129066
561758507837892581
328893236125195738
1147882300963155369
844843554098556910
860302932461767431
1087462131063454560
325689916813359936
1122833547771320813
929485193183325421
214402147763296913
996420095865018845
227824299040912312
210242936756811186
500039120572176544
698804231591244043
1024065250141774953
1033656932188778440
92050038867417297
629018725558824539
739402515053309979
902098011115833401
762770335836492397
1042364646360502252
232680675149506810
726621769496230353
218519104927335252
61722383665950477
222807433638012121
925643946616937919
1021803543354281277
984816074746925501
493383372549852939
591105755216515210
576963292527716327
347026674068152169
1117175765938265344
595343387949386906
481740132802563795
977838938288232671
963794571878698178
279655823626021273
617769239660918117
946864553427291920
885816203097766270
963818865574194088
511788365783483284
1074657009283577914
419197066140899523
622684149504878072
601914128561821746
1101468892889737888
256448615690800478
630682097655638376
257257536838347008
954235456322595835
544698772558641070
620573108213387850
929049522643836067
200451252368199838
386896158341348793
848966563165239128
677566785510359501
401509229111609981
484903379346811847
603261254372156593
1047862420128080710
116779892666994825
116105264966342426
667707722104620565
330477579351689430
427971820863674471
1047727555772730255
972468033015334575
821178139250345905
218802185036767234
341294000094878115
930259684645943109
255117473155503056
502049091633961342
363868631642242412
126952895719696658
315587978944350240
1120226365422911308
902478813890580408
233667371771325607
1102878857631130317
173735857059781545
295254999296359665
29459447072526631
337546222162773888
1036134935176924864
945287318563759442
774014760675638060
1030112510832689602
398247009163896345
161746332976830385
260553761905784029
408872372502629792
1092769552527226734
561357277908520048
991741816751876136
1060275183196091618
1034227059831377575
56342150059280863
331677007646997639
1092294301757594061
21683600603021397
4328156978313829
232581948246553530
309302522721379714
663841169249733160
933896044555020937
245909439271682243
927342487649953265
158739345687729377
597650701396559735
608994194059719776
485200598792505349
760072520089034485
803998601699114325
47239674667105283
970688487403322832
445003530176061031
988990949310627715
306825574739577905
509185535263982618
390440189817179218
308206272486334065
893215844765584115
196091124227363951
45849489454205521
551645540154649498
983339071653970186
371681881064137857
834128080706797460
318676326822896453
348476293138331266
405670668055867471
370435550554789899
965935041184170547
481480242616410572
1125834970772409437
1059365481039714934
462272619201917802
457478288415625466
602970129527936626
35130595442553036
492035517213619376
866289651701027903
1075487595392433166
550695503068125679
919237206092164116
682701749573468372
976757876858268138
883191698595599398
374330365444735548
231273660742465740
880730281639047518
192280208184360275
927289861645473427
1118380744434632374
229305648716230799
124815188614874520
148838272493040678
820471145914543064
121241081183844825
246483776187021442
222106059737509598
847433995510573909
435076043564670203
95802056271174008
632486869367142104
13403866662717441
25201857945460696
124228496146492381
296292524146324393
777811932061766322
1110141113976043869
618779346190395610
695616679005027798
48994442792296545
1080210981833184216
210547916767216078
816613776490814319
375942536102107025
110698650873818448
1025813313903911992
65359337076928393
695549125195090440
587300255640433674
1044430314740546616
734794278415258103
776753246347261996
932613202162702911
463764863015626797
77846055514774308
601744853438411345
199422141055202793
501117538731472246
192317385866627800
799255098702852344
284398653239701622
1019442854103066597
249459679697205179
1129104128032484146
210191974378213374
684652034152939340
712674432336310021
325485799235344886
411244920975422906
138772931255918012
747375923353672232
902724213249688468
1048064742317871189
1116145529548534441
939078183120198013
35077978802924957
498384260470024372
695802770503490865
594693592658264628
44574161744121084
547281219529712121
1100821270221926693
129198423496598944
146485102641314841
701520372557331522
162576284523142216
477047253012535452
632823484615839277
475483088867196886
542690178011671564
511658307384386954
336278368564093173
23758246796761169
808198045344742711
389915788717054220
470658018453373943
531409962925379021
521263025396440317
740871067068027187
30818197084721972
744460860978515591
486740497606713363
398820550270863132
282683385388005347
299501471245471700
97515155488153260
781085417036816800
179818578319892949
1125680809677718175
1000832263275280071
527184850370000869
428544712700274614
80311412525294407
184247991061309550
60802060243486779
905810049010110337
223099663977031155
1145485570890871160
402426321809330234
818616266393293829
816027594481335544
45495293491699776
131081405063917042
390078612965801558
412177445601236652
586683112009387380
81511617264522159
832355058540423059
40546098365648104
1008313651899009086
115839102355181235
485073776010588838
538936187508196139
169908184107950436
241226881421463416
1110020715749884359
61151157778780978
356324502709970728
743163818713830422
528800907666531561
841927187603041602
259658004831101875
1087671277787625250
820678665797731169
155478102022278800
758551862401343857
608497384998558553
673862727363916934
865845494237959571
886811684467524350
775738569571704022
922993619643187738
710437956584080530
1044322054831069961
568982061763063892
344321236264742308
1101694029814699221
191133450066332327
45258561871319473
587557087891649684
226829725823275531
168988462244307328
188603794877418519
977754496597867576
111078830049262659
184343397981840919
980977976224732585
655482587642853280
896826497457030734
661250132093110942
953262004559744972
1038438179927634433
428110221488939811
610848583042259728
825192203040660170
697671302306055557
415592467365884877
983426327596644874
1007976372240013465
532395417338846911
349300082805368803
152468520350014324
800115646583070692
1122817729374459917
37477610471417695
1096026711423393661
713956399150781843
669176779822491891
63622970893169329
288959102618661530
655695538348910184
871752895094861367
232546276697863320
538976982751786846
43883923059083259
16414500432758576
142597619643404369
638919695421277263
374027381258937670
992767897107418940
806512727392893793
1086066301910374062
639978886767360164
759056919190096501
230572444006014233
949000339509221624
77281445928561236
526616167365272942
684425583576515942
719215358261491732
368901145998852909
472050612965337324
314962126523470738
1123239971118408977
588479995803092995
473704410139945420
59565599523583660
1132078562851242328
964840875901283740
679336278010484204
663732791747317910
438636518881827764
1014687757922695445
601817731568017383
28422580272345090
255878690364133041
628560430523778860
822633294969924593
650117317780113699
1145438508950018660
232468936290247619
236057572878908598
852590740619972192
1047129000774094037
441278032172859943
86731676771214989
258732023307968440
866321997883520903
640096778786387457
712873815210804743
841462451588456715
337400507523750306
175031763873052877
441077665175167113
692879637375400362
472609341831363840
430407202541787236
64428566193942480
754617264199876805
36052068163790161
361895636976827800
490109142497088176
370993406606658002
172113174480102271
634475247524359853
490178485597676869
567000488936525777
136033512855106939
929629338603682773
759392228312319773
863892420573536971
108592080265593992
395577340937990466
87064576289289298
1137241481459178990
468968327228075513
169113441453518077
1051312461718696565
580094831664672869
34509110541904827
1122584816134813247
295885134382263242
607789558327036515
790132329204993505
193173999207710183
557645019999466588
484325352899211840
679200393139232206
1094209777386816677
784896654731859594
312721638538739098
747660031618098239
1104168800754173520
1013193780586931056
833764945597304855
448098716667443658
82016798712224758
738601142979402993
983259273949903594
713740855357313968
750546051944266230
1129231047471748934
999704837086288809
723179228166558347
416148591195675909
164704353373577506
489389250496717652
559567410150076886
837287781361285161
574582776212995571
468283292460630723
88390462594660007
590571383493454052
4992552804569645
95933255659139177
386979924550318854
198855459197227941
950146504256371822
955245851425844831
142871309890426500
580879628257381724
129994046282842229
242279952109547338
85557415285733642
90264878570393557
296714540607847457
189406059433733138
678454552705616147
846210467027619914
747538800768941230
242048744567309028
537587163672465380
930120888479289636
1047721288707215794
782971497010365057
703717233219172587
274991839113080562
36565443438078578
797874462803162748
1046795603419346069
685035677606280478
664630090090804532
54743438871175452
348422194826133036
774104337389293300
1046854438210119297
711288736804577137
208467567736242760
552439243095831634
968095926713816492
267677105484245617
318508508359576177
230644419551073731
614856745582856634
875121377332745765
1002075845049205971
1046958824676538118
442429941557815644
35224217770765987
1066186345180900468
461845964119863650
774828103372919229
1072557673034889027
201068174811404857
113843396502346649
256986842604750399
47696512912036911
818467063603683878
100760717160121878
771696576956387135
230337934059146371
283451940397109163
806737570939613224
789585126292932658
572993500646050066
440387051673806266
1055522850142171366
467280924979431994
390987059021264365
32907466948408281
248181090667088217
96327014692467265
542597928602147035
620789258740551594
817079633078311299
143915890252207117
620058592834979887
654270513869971471
352952039902996133
887701744013403263
519617613566147923
246274139419094636
668652826900964169
430867482233195003
616685409228948771
556734165380105861
885658747211685203
643233771550483828
162554833714877536
799910817048236953
82426019638451516
792550506762783262
62885866024598218
818900462285733555
867572273279196461
1027367751088153619
431060463039462961
864354861983636051
1086066282716027331
86630999176362697
639107833158133573
264341206245916352
623655615430090079
195245342462466901
1081541234044642706
201052518585900815
363927291424947045
73425115812498385
309195112713254062
65307981267406752
799283214963879031
1124578951957913709
578766759850088424
272781778225891689
1099261329948934101
507055615810985058
425855450782671319
777118534191241437
393803254958380697
715481098470183050
280090005062552492
1133616688268307257
103234499468637070
1447865739131311
82125785902152037
1000789425926217946
1083307305315272457
277982960106150659
1039752593157441878
134481368151425355
370176548611573150
714596805518722681
606909210853460109
1148876275100502650
323626796331404443
1117196328529633857
676799303613619257
637164375208029169
360193099582179302
429018760691849129
290755986309874815
521946151397992563
453450816828560492
1052913309063929757
922445480040158032
601011713809198463
603897930887170068
441866234651058664
533972282756170751
1129272506918780125
125122474726348981
569640384779997773
856451109465344259
429201624956482539
172087677932432563
1001638872698453219
584111017548585428
704639554365569488
391166093474160491
927888890612993983
692944911409096768
538503709828242446
395784258128437567
982959151373378903
559931988870577222
949450425801951673
85076197306006439
766454503334804686
863711882193561504
288456560391686956
68245753822163229
294666201969871309
869128079287497809
67354824214877171
479832654847263081
534356551803861257
277648542433024933
573014222923488628
587730282442245867
1086895340075437189
1026949095400864232
725242426612816465
558205656483801153
1050256008817144001
837646255782803634
540714576735154554
253944224575038275
750811291350389471
829897540621602008
46979325167003567
1132472424667803888
927851653226691381
802406899286404500
235709971447943131
752726652373167049
1078559875840411931
345226470560060309
1025450570399393733
736572549091289052
396963475329477135
326647600287827180
531410284388110211
127597410894027101
322150625777867722
13630038677922614
