1000
33156321161387714
901239551393069001
708959441156442698
824363864978766871
989428721953268006
379934019250405724
787175299393525016
2213224249416527
816625326452902081
571054634648655120
496486383512001698
114659405817907985
57612994469389193
694861499617235633
766141603887459512
180381825583730436
929083608275378756
478420519232375647
846690339897822318
960468888734857749
464828400430462425
1136830347706009576
510272013967330338
591213935673677002
324972946140827704
846926172463378687
973967866440406720
773520408059844691
557044315717974871
974601208215182080
853992915574821769
184645359372071867
302177905073968940
955303202488884666
278519672440582035
667864505630285705
952879814546027637
1097422260314522720
757882340129736782
756663055265411146
913715115774227581
239764704505267968
341834992401348738
389764685029280495
445732406024352846
383009283033095598
839206581937490001
120290226908600059
421622733426782743
994419598113619922
942909408177206813
346375145169935468
779705593919247705
535443920451421067
1140802950956511283
170288227212252505
322287465819772837
873512464955063714
317927058023653996
407947966742767225
766605097979481686
771921006078739479
783090017291397900
1130617717670803051
945356230391957732
565599679279967085
880280988777884562
899899343471900578
368612157265577410
16558647291069194
345849080973463247
980339627391718137
1011093985964910015
463497884085594597
12066396275852776
1120864401289502426
697096947300426031
201364876704034333
105738332960410264
431490519421271097
768646144127003400
140568499329786823
316061145839329532
234181168616606685
808359721386833343
315058307721140970
129141003197143079
522148510568871197
806687304673199675
789880292186771520
145977162626353717
838026791196234994
151207633461707261
511383906436646465
478376864021705778
830965921423680490
505773644392752476
551837496952570470
333761325697010998
777298683570774224
358577281252507684
139240807261053981
1016840435485696582
44196859745006758
276243858530851955
599952598959582737
151363319747869078
285224922085808852
11182508820571358
506262426294449566
820540937261593038
1071395284465928446
1067314022051952720
747818578790290804
168430592086066644
790901124538697641
846848291036208388
1145584180195187803
606280787988094390
1093480325464202661
1057777991354991195
588351631616190699
893245164666864436
577307386078282057
888945722715316269
870788362004659935
437878163269093819
768712519600129402
39187967648570025
1007662220400080680
341176846839586365
498869048200376937
110603598702468596
125125048066631265
1030379850810615536
562374472805858083
740538097340242951
666193710928760790
777305246196248117
604194985487551624
936746886612156518
1025640695138405530
169800072206756724
577458654828362447
533152335934953974
1099807362252738820
469339611407464473
571519813882869273
56692581167258860
298770264552770692
418922019960586804
39406773624166828
494086644210194460
485410358747003971
290046722367377651
22851838437111241
589554616814907204
563001726457951975
995330060486409254
1129352441540034443
836801562120926396
123227295376019854
707554314422932697
1042583414530836309
647944713972504249
153101937558398100
769840690112478126
238834162234600799
842671547246623805
476519076631497743
267519194308580069
130711336194438539
831706440252211574
823889495398415455
1060736007382710074
1006469390940279234
1043069402484073032
917501638807938249
585021481024561288
8853486194846987
569674288512338522
142860841473482963
1029179375374966459
313514104537477469
336846452540990654
1043504991201781273
965957373909713469
650791399987916204
1046194277322871672
1129746979947518352
358083222084609420
39092623354310548
1035315287832547923
331464322795468225
501477504600637234
921629899323079010
103529749254371421
397775589490910378
510245556735223807
45232706580254129
335981936996706759
364109143596848653
1098137884587159695
36028915868789136
209509999889768968
175271645006092492
437350675713897996
379809071109538365
518551635087990391
798740368632460884
111922889573255774
732176622033116631
1091356897274726903
475966600530013036
471075136511999251
192568867729000700
1010754253159880643
227180040413700770
906210048537718286
271869646538930429
220873268975653086
382481919250733326
470376748207743612
834112324188484191
1042933063138127486
652841146640631270
262796037856499573
516586872402751544
155667440592831365
254423586419458907
876585683937016266
343157989773349426
420183175761938902
819179723762312793
252002418164190366
905849169727151501
176062193184703818
1142773304623119088
996292575293269367
383954733316989874
837191394424898113
1022563312755796450
1097650994549128659
611647229701039209
636536794769979005
1064936091167334543
978493227846064898
431562565394239462
6627336857395137
1025751222923562475
153490268919674091
269300788381982163
658595233594860666
833058678276460890
377084348444712991
471004888372175868
36328606627205615
26584442729073342
514969158871931566
136038674064191388
72354281684575877
593894529243851639
720749837011575576
318478156639833527
615794097114772392
715963974554224242
548193897409219614
528920898342018987
1092563045383174547
1009011423479543233
142590527209284911
25292141116327117
1101650709403207217
882088118803843961
733391474928925676
222592897346417333
395637387172053934
223532863044132115
663407424095513629
927800459040688678
168316828998131459
956974722558898050
111047278976967114
1067724337455002397
924546254277624302
419165318823228150
286965247276091300
460175202918798271
791742143388282847
831908565004107647
1007253655892685481
306589634087364675
931181566038942489
663780695178172708
494174521822076161
10836227201279897
119778677667300151
266736365896460674
282934555497943472
935261844068835301
1045952087963337779
782318579520423508
878808173818574290
219853608379304948
582699419973259861
621153640213033408
647565631156711026
179881796933405671
793068710366229328
330548193340154237
257253469080443560
1068206931738570238
444293326412367563
1008960485430032344
918279332892404374
804049371318760869
490389330234399393
462697624898434127
809323880986039186
281841954855098898
121149993970467562
529234432334169981
319367072007574237
533557272474311688
660109548498119897
710902748483110223
821665771566261450
410146425215431641
805481837035490043
338666214365449788
747762397515791866
82924507441998146
888819924933244432
275342675458063710
1136750149745993640
930230043298612347
654113213640273246
730956109168334776
960316152557426276
742184075569848016
16640654982667631
935996240048627350
607777729688887689
666166350190782491
798253022101208361
235285016974733131
1033077427726302296
570150498086319283
1107537694042439351
106219050417433238
628567897067797206
719963351388968100
962730728746452344
821586144848089720
123729536416965857
393174902328111508
282388406463206414
76337226464652887
946981469333057700
921688189753283865
239910238484455427
1129106032003956463
951463330468012047
1057907443463088668
962276501202137272
180418681696247321
950899416031508246
564305751700660864
646186387604330160
49408067228219911
755597740644837661
166869453176898353
391368691234036840
660355646513300983
307407745120072917
777959445491557116
229038193355578766
749540811214384475
86098205426463340
53356585290251388
28590096306813510
1103869011127119169
1084723323590310318
987914124791067575
1127313907094843521
770997788648982609
617429893836813761
1036309038858726535
1131062562922362308
576320202342431414
482255765567437197
233367419495965577
742123080287706701
342163813852877265
435703565660283886
526947003528633558
191668911103171641
498668964666214215
942122242516476637
1040034766535940314
148723590871203710
503770113432300303
681607194793919507
435090952432548146
180055696801420281
387115134879524459
741701761473112710
680454871196129655
693458351399770441
64854464162628084
1323739727192630
591766845674399873
155182682753067536
668022624722718461
566223341503694936
486835428740433829
567431365980065187
763858242949693296
976335109808850065
284443041542811286
781834084942212205
426812614660936996
583579406439374057
577749576902577624
917134308628761043
782696021291167021
865575448216395584
1029245175617734233
636786812910578028
886112353383405580
202901493687332499
96906488017426169
917131680853539627
20011574277436272
897640195325338839
341885594252609314
1014799201470862539
1129530404116205331
1089280491920175479
471188597026904046
383542815936704976
297728829798262002
508082775358359663
455756676976532113
1067422912908970902
996589243163284316
423193614591437885
773340028584521082
523145273300281059
987045610768699468
676815807337617504
1002118010766624446
246788428150833479
230392576350552406
800759988054134175
42178350179278744
1152601510491402720
723259681894053263
4594880241845901
15491341389776348
566273084074678459
504602980014763934
42382614512187869
955217655088189794
864094145852044888
1781860278688564
92649893004059796
16171880812734865
406854923202130160
1096340841018431095
67148881804362173
414516647795486008
277243676010956245
395714848845227499
417911192570693718
274789803671798198
1121980651455899507
845841564062743610
872018604919006586
878944812995624505
198033460230118660
1122054991227378550
850431118818299673
51026362904845555
971149299392894580
388906624991559212
924030567859154171
660035178069071232
656053598803331419
315580015704656851
1013071671955648630
67768267197973982
138082604253057078
648928376520096722
351232318499850987
101585619160014015
586226448912762869
344163376523164865
257172195740473960
1054334388299005971
444932804062327705
593728858103685993
862211188007869692
898398797086103713
893427637793521220
1122721874537487346
79094122359543648
496026044947306781
745913210133716261
1009097833300811923
287895928593040797
849937185284049402
1009766293075803100
835675862782464512
381254640304023094
1136428689032276593
554112550369588397
710512294165144753
1063048089702650772
1077824620582987359
167549315189143360
1012871255081060382
757639547161792957
1137466662016536020
197481791875819059
1091291302938384801
605799773023987302
155444148170826240
90527219864859043
815779099804257853
856663304383389040
650909254801740336
301246338737529105
257272109074963267
176397489363985592
46041086784448959
532567567217067002
148171818959703666
169222235334187876
733760893386375659
439593985018564938
733818496038075377
241387248862438882
700875513548197757
113167149864605109
33595802504008855
584954497560819643
573362073364695527
1109755202717419923
482401904028328696
387203819748564047
122217362796392790
923400033796012362
295159616716473812
808179784774788302
1054967592539293007
239472299720015760
476926076725971042
1040072153660232162
826983799076480243
448243766588536082
246390464195874180
942280172997423125
923880965532153524
771767097758338733
34374225030768870
254695807502553324
931283843274284026
293555289461064018
663221265610469382
1098009663966410222
541443152897925132
980118853351240724
91440503195601016
599438895906379380
9095835844092449
758821056949781866
1123983771222299816
222400202120910710
14309784846005610
1009035504494666627
943032143900894303
95182231148970110
494852859645706843
114970308148081917
676347432217285250
909248450658322811
538726012871189628
1093587666099885509
829524186936110183
506409723290515865
348555915283714471
252965270754298847
341124353727024880
702256070429907891
391133730923044834
848249070185670985
1062611962598249773
669920788140344284
915525334472466012
572521436740214749
269766620340388700
246652688612336964
171085289483357860
684775614453438317
658495931696807881
920996089679192819
203357073613661334
617092611548969649
731969986753978423
636659252753107374
973729314166470405
200619934834245959
150228359023094191
1091570767978723290
1109133067173544276
106508438782696729
6398135781891974
416332044015443643
161013817613152005
419219538985492652
1065530551360129885
996797889571624695
906682619411428497
258080499718461804
132511401272925392
103720119577745246
243527192754446947
246657940433585627
177027085807496608
310218191675907434
655339512108751647
223871944116764855
532088188159990560
829285094404919519
595523119792811461
1032614565416899934
742126775555294700
1017144331915474419
391481278212155943
824845187123879260
1148541965791359608
458241443712726424
778017578231275424
787194835284112201
858507413346088721
790553182452210793
1091909354857415221
818842636442473502
969676668650866437
87131772296942884
191116985949665301
149919454911381432
127700111856415890
510348165306377938
363422792318584477
954024373688475043
576182592259095637
490323213936402154
181637623272742951
342065624850791547
723902561913042328
730290895837664730
340849019829029415
584247788306263581
973166032039832444
706309932789317319
609357505041029555
187554593334011089
1097434259908050972
362760040016511905
27520353984605492
55229410897410935
909023096524654931
739429907577951441
573226101636604865
1107671084217695998
720368332819148481
727147734666624409
170034936307746290
475158864124521930
788675236356144598
505820643207718062
802052178427165034
637854429315187596
319309422169245166
943837340331719082
791658694935780357
499454660778921843
633163854691967721
504762276120432766
635312658051566632
627094842104306766
83974536285152207
267260123529199174
90454967409136099
157958428940719797
296911391520549674
1099554953605573214
470189973707279587
1022200316793282168
795447864163804372
583653564049166914
97205852690353313
517237414711179332
547740954731459215
1134729273739918784
24081441323773028
388090796560953584
517286679679304380
576438286422017875
442141523525595952
465662733929697675
65076305121413562
330225655764575610
788957109764729759
654043470547822503
458898728492451385
665946491562405997
70583439627309210
288126324941787727
1001677028020875867
540269499439782419
975247063341257076
95107937984703993
1042958165678356593
362499108226357824
815644683941644668
398459319944975432
814874908960445677
919378276282580307
760495324623642745
809925311953133329
1055003066308152820
1107932482295197433
956353315262838784
832530207273600505
170975839978645283
90879572073787039
234249528259800630
307783356860542711
87655779012671910
776375556264421482
656024859387516945
1044788087837282469
573071482665932067
910307138999298391
170663129884927027
183963261569733943
317638318455147341
369058789649668936
464988564145518178
183274527035737184
1046548409410655930
860251845333179772
667453705316401211
959560149098939769
957015805708384555
669962733451756401
80841126133107305
540144878093984038
101109679111606018
897179412540412380
510004912294672235
891330210915452628
248290388314923879
74382533855107846
363643986537468699
896412663162228300
677488640999295577
1054559369902349690
975753563386216563
207315805429942490
361595977163129999
1111009097614917227
744934030743314878
270056271971515162
1003565227115143408
1127165749108686798
813707115600264665
138916122398533032
307634275107050352
368415990829750829
992673946895246514
729480324436254658
545088978787085142
892524945666349711
694717121289593443
592001698595493905
1020591844692366134
218576919268355444
377945831564850512
441900214835043853
871388694546647214
1104415765859507354
1118972701823007239
728776995807993415
83234241502818786
1021908312849958954
908717217304339025
672335729207632211
676394731022698539
337962896610131518
1152649351942818766
130017619220409578
489034469366596960
537349022553402095
567495716629568252
853239498740459178
243828519784076901
470380087975648456
279425946797391604
797104221556004886
131181242146697506
809109732838516724
1065045282971858765
425131710687935039
869952599164554230
526610060679757985
1144936172426973294
1023210263125830035
505962015244492774
54005810813021127
999358265951538036
209366203987964428
637898728738050836
828906506308147448
892829226282549040
137649834840355673
1101204047490615755
989476072468313781
693912325117316195
208573512259797849
38984423817950191
907481390151163100
4969634146030046
233786467322441056
655561537935550763
273072394329808508
709222357258362452
662176497893703840
211251050034500962
919429534392653860
768498737477790660
127782994200126623
442553929148390872
891988498092891683
393324605408496486
152314326077654329
294101940876048674
588132431305500883
430899834493564750
86959570508681026
243563647305290926
789751390859341863
90219327916757911
130602392940961630
16508160699356933
890771126266759460
258167432415402159
584017196257739929
898320664423647670
554683598988457164
565213797589463860
888495111039594240
16470404219108984
329904362870457938
62670640679871784
485976420069416443
679239906611354260
346913316682220747
466083372764574611
1020433461861609166
892566992988034772
963887464307432317
649093235011964310
491858604442459893
625326884185726885
48215665967503669
1045179121791650780
94767179251245826
916197825750118512
726549227018900726
993491516213940148
497216042794099275
181136988713026047
962065708436778840
176664180641696763
744851632313715920
315905738075850328
893736499413312243
763844473410673766
288231506398171549
1042479015219647059
893256313762040918
1100374463831372615
198208395836432433
822972179104401192
673485836009552701
134182762996133447
378604579276433199
364820358895747592
337764756629996
213889387193490763
12210923506110403
504813286708933488
910501332212312761
1034396363838448188
988890436970887460
283018136184623328
5683591655325975
96139259918644529
737956224776068356
453959858232602782
211650579325711968
1072345242913486740
989492626470648143
472899350258640367
329565099953694119
783787874705419297
242225761966703092
1119191205697194444
556683062997654957
20997571940716853
387279187370688078
554946621950703355
565213398288952740
497140253468951819
997090101574664304
1028915772164750371
220387528630474376
814288944745119024
298527141884461484
1017194806633650215
861727911600235405
435850779311623756
788411657463700044
792733657567606784
921117865021281360
511714352350780140
465172393400101616
875903773666860029
512676461111238368
70981270886350174
561110906989583855
814944384139277147
393035929866989027
637699592535329265
408094594329222449
477955052839003219
424595245424208986
359076200360778248
688007570426942184
668606268378511352
1098835674846351885
143734591200383260
899153618415643210
174685249201580492
744474896950059942
727862156433609196
377044313194548187
151557091029593858
900094622303856231
1125732780275472295
799618528390508836
109752898950900604
1074359802596028160
267596961447787578
600207194599968038
871096386097054360
901160494937001634
584372692478870388
862730073748707227
730659305302472667
375469531581443532
790658006863890712
737681077985006118
725391911766909943
31896530834074264
888451051727330142
815654721057176765
42639994512673318
39511134734967186
795301633551396364
1009109902003263485
183208766969543840
502954938988708990
223388504641318373
262148884905255405
345725380455365383
218548733520598197
622213888425608197
1135681604262333437
68700728884512353
159035506371834500
519603619059971701
586702680064561921
338582429676989902
864104917584831414
1134506128923503801
