100
719463751428438373
510650734219447986
1088599155680951928
142836396684990275
366521232946168642
461762242841264229
369571610699085147
307821305798356333
865399169134846433
1058380789665943687
962459897142801281
932410515989876286
344839187366410476
855142868063512392
1115874531802155723
701367264513466537
1004047828617018082
32092356650758057
992123678981744172
454125590833539843
899575233555919741
786787588744542774
58876628127268495
748503339436767550
914816273399677942
720325855125521779
214617482321561279
754016190289861972
949177701040694475
15003059960984365
780363751050174308
720729588629215561
1070786240274144704
646816880947143163
650121585815933020
708568171822770868
930720056407972376
332416163689026465
598768421185481909
229973687082907720
833452618534981799
496492007295434553
867003513466504749
737530255471198869
841748678326217443
575873887392874368
455222065440717384
108875499691335656
374553478995825314
541161833190986000
221622773227147784
177785065975784728
417609052849607830
1106246589788251147
673178536268416289
665630852035972455
889183515498302045
415489417309465433
83475015384035508
246424352082753264
878305622191696815
69333773830777863
264040881718221029
593934426725288520
989700043528920849
1094156024452562449
128858674283829477
86914492669260208
972266010487336013
751399540202490936
433431586321201157
411981792763358671
840320155570274809
622340250444885633
858047913706071087
67328238866236808
451511360402421923
722810486806054493
158936291396273830
1090854716186109766
547721400496468010
1126760730810496897
912595751574063387
577768076444343085
205398746206145676
7926748194592448
703140004900805279
936305019084770370
465325208627652132
1106541576476724872
172158955587074520
367361289500230669
912833823466671911
323972963339151559
530166396281670539
1035632660333923585
1025519518414693893
1092497084490754258
157488896359601376
199421430224098899
