100
1029298160292664176
153066951348267237
41650986032099479
302479476823217554
446302070703059140
180738496258975450
380141248442981779
851173708057555753
802398343005906586
10236850248311327
792659600058915085
1030970513268988970
587185470116227790
256931628959926535
166532461488691961
953470324386978364
573070235085329800
785382195243564929
728918404204254400
279794384493147725
234637603876249989
57306995370303436
928642754098533383
39086107826557052
720716266014863806
1060167737301154304
862868433433597471
576865866704938117
1082978642896745950
282458971670406967
780743890717540857
67741616867841224
895839803157572696
947369127882374525
517845340388025736
241793868312655620
20786936064623822
596427139070834397
928804899930891641
100123147086368705
1034978628949661290
546826898489702838
542532109561758498
936060624419957492
177844406942891338
717641109140208972
482465340208255041
296903160756603646
812547688337629726
855909469404696946
476561858483258442
385168461041769553
34283210530458778
385066378918432070
905375447003745883
1096485001880931144
11689240268346354
1002508735894230057
559703692542393756
460229670429686430
385724162538771632
43431368931248522
37840834773219168
630674989109839750
281505550143542862
582290855019910742
1136328149650360958
266574764721399399
633115370858371782
1040125103309547322
830585600477799658
432734652439857289
1002125318230167942
574434291188347042
208899093037248151
491483819820654840
876673509527335253
850588381574805142
1072836273499046168
1091628536022625117
803371436789573178
886590788706575682
195192581294090132
146260836540714350
882320094422788056
930120326859890641
1042778786798475689
103401781012842813
417867932769689306
1075265004600391615
151986182000044350
529029999236125153
160801531536354926
965405938011760851
316613310388370113
981800166643558260
6988120561534487
259927038615486139
475624853931549594
889296545590300142
