1000
1008601902522659429
179145506811802581
596977747082136224
823505512975691175
1061661527872386415
997149458194712218
956335883729045280
549448709786697160
199330829363270936
28722079825008482
571276064959024998
710817056049281241
500009843029698710
653217603084300528
426460615295419489
759942965085551621
937393090657303663
468451004923319114
225541025805671336
308745689550124546
259705076860927299
447659628683286415
515430308510071212
163303050134603718
52206648167782468
408586659016038998
487414313370481735
1079404138226407441
995670602758377504
72824285147646117
930488557929020579
751248062807877469
1131097595757085620
598580795330176020
848372546185651501
90858407034918826
84819123148285893
88310904496302455
268785484221287378
397096514482597127
652775222546623775
546421698637133356
967732188565359217
710973273500261448
99251743801923493
843112072509456167
427371987424147526
952058822717349686
546159709703175231
557440443997242549
1099936400321394877
453066371851932814
526161923572453202
414602543309220145
411066261042709811
853788586332862783
573831225512724047
182090821490212164
273616044375153367
1132467189105558612
586351206445513841
671765161105445519
632775709412886688
1135219803876977609
1008413839487500314
27613437000688347
985872967396156558
327213792825317602
908688245254333026
348193547890301357
1081783087398473379
111570591271449992
1003020596929143714
955502870788017451
160486648324065144
156938324812132477
847043270937867341
844804806781755783
680322244513059548
330527426762673462
501545239299730671
879807248406792165
1073729309169941168
570247049453326742
297721980466237376
389267832304852518
1012870959497647812
230294055696778244
565042260744975554
510092018071388251
491763104513779307
404949495102722839
677063825805923603
572324040274765474
679982185741895228
1088203468321570207
980366508897180785
514689802396392637
127617045042675551
1062904825963029003
722845912948989186
643598409863979031
729310681359251674
443872570266837305
545002525235284484
422880053883185035
845749368447335965
441892220516883216
577195539374462431
141611944472943707
866352113067710523
407185452496919052
20837924885398992
480614496934754466
475013026653898963
145883903648751905
1066488624734986743
815803499131897930
380350360635563215
189082408809599000
278806782321541572
922295907932661528
249507127970668064
831081213952476433
1115030042954419551
455789155306653470
233710987362641360
956880412015439258
840157309909448329
1089582497313089375
681502418259951171
545940780642575206
406349254978335998
606692694742360750
434656627765749686
1093586286862968137
646330162542807934
147830346389229970
300137968476753728
1103243456930373570
964267003133241744
633641172382507744
884845673427553182
833381583208191958
796757172609613152
162593689892354127
201689683080157580
134320421340846225
432911239612342137
774274613492049615
274786403725872813
593442187196717266
811677491113280013
120056289790478776
956953717203583142
739467239527086539
54311008531050602
945555171365091555
726667377895713194
541709152103717368
406812497112292470
452019578310594976
720981988996764537
1116759033401902801
65180185658628216
971306062958950929
649293802396468624
537256645815836450
432299139573041647
1043740545753065788
714975489109368056
629574816442603145
44108847179136345
422461562612736151
83792943405796951
919392632792839326
292800913044537659
495441782046552169
211723054842337380
257017909188390835
503118251593027406
1141809836031128137
107848412049616639
1074426307565506116
544763687693332875
547148166674378750
1067292627845960194
255600769660706078
408615748748083314
493211413450096007
170483613071243766
793779561892208656
747447266139455391
650036300604199992
415772344899617708
1001309315348582579
323093081489580721
1133660319748035275
771217515345580306
224500825116833090
618503495676475674
392787824816715978
162234869982678684
134252171376351720
766947284354675558
580845207444849036
1146571224419828385
684004646286282265
500717026841321470
757622512375377498
583993137046176154
187410078940190769
872196473507176552
646137427220716432
769477104558842278
1061663325811314747
1104353511816719871
762510840561795075
135251147500602805
972135379881487041
805680522078967757
815107960994157284
265645882491076188
524202826634111862
743448840841634728
429620946719905432
71449321170921058
624335542475950895
924026080606315050
1121913480462621259
416658067373012927
10884695650853002
421792292986942470
636031027008470652
555947717044001765
499412953122038030
491939356476219317
420207589437653176
50271958015656525
1152553906609174744
171832353589119071
274470850434255044
918366999332704583
672063043656099642
257692653559075561
871016585138024769
88372454085608406
56996117610845506
433399155357398589
1023318351847283371
660456892788903634
991603154267015455
113330787531326676
493704734409585802
499332547262286436
267238410567568103
878368246318581785
1089771371386200586
679131333508029627
1118662789550591654
147619081520914566
814784627317424176
807392731589115089
1050770345694301651
915276031800374320
1075653895226374325
286881889832665095
761512715039516883
261192586623544901
979119635627272048
696217784621328515
130399295329725216
1125353492949178469
276699259014782637
1093561945669733057
624610007770499900
957034305440510732
557659250414385058
395564650191861722
347458071715170076
957971431641799522
713276774685761391
1090414838059938753
868379796895866143
839531172182539820
170671998210378336
519335135403739045
551539614480931634
682901007816005021
582538433611453409
36637806944680959
359615493728349717
729279823370960319
98370076378754715
284540949480958851
968065063691760410
401992664238134254
884648519589272454
520141468514054246
953693819041154142
236168018177396053
208213882607406289
716530109006635615
883009750253619898
5327294853446992
636734349631668121
72624763952554667
996400032211567176
868422061591410765
1133062453145038260
5235780770948266
294177229514229748
954261776541672089
652812042656106449
428460281202074898
387157641794533088
1001995009227919159
112884181093562538
634585728808432294
1091689243073251623
236352225706534078
73419865165989292
951928941225072920
448158242473045960
449844238131864164
650533632165682144
875689711324165550
941434826384956752
46838278893334539
191123298675636730
998569996732823160
919758133152282915
306806331794410675
558515415557947486
242979911220823790
289247934708490106
905956233034288279
611623583100825291
83932264633763631
932494235545171088
1035190794354277609
717791372551050486
756523819459575459
364739283953928300
136838024066182001
1004222303682582946
465293282175689780
130525989829508431
441051245449838102
605745431324091395
787456879426615757
581378343147712318
1133855920657653950
130871700058113017
517829948695009378
666833681991314877
1128085486685463695
418506448681665037
982790995617644348
334501856255930930
119721510537850808
535412817712074494
811347908202916686
535602155867121328
277146631785598887
728739686524101390
756236544998284275
179014856763197625
769767809236299626
142237790534377081
1138663928058530770
13695472247121203
859537219123831578
702523398233283409
299752900828185539
648041597591668171
128083652459000781
889505939592413209
461625498007582722
356942505238377828
9473790802154301
751772334673558200
364679696110229891
455088521961950652
547024212781042343
190830534872285655
722937554901567752
652178274245951299
939223811959580426
1053027430842711108
89081626962045743
483184693814948812
390344923414987074
711340913853840288
1052877550602761051
1079669801620525615
279199960408265814
704242973134907323
57926311813139493
445317011366635289
835441633254514988
1018661705550223279
731788798763107521
868661950007862683
546771287028522242
794147711738173682
838442669691197058
308777681608553352
756049504709489845
1040229931784343426
977224621847951485
799755079328993830
155211615032396023
902618809606167962
1107811490530074797
410309562531518160
112507631603556667
443426775363092893
1085439784020521996
905457364744021976
567927697219988136
703591201368241902
699224979118132640
885798678910957876
391836913683557093
859778521974315765
1101459499425959461
536147277072844558
62602606312461820
39230178069986268
136943290186114372
678192550927924743
768029570125887765
972127983139807970
58889292302129672
289091008072905171
537328152769298761
1144306475256180006
766645989611754771
722356465746381376
543493179567657080
252822068335557928
514960640872369840
20262563884862012
85064095262919897
638686905248078267
600244618171994654
800007672681807657
530691576511510122
616279087754955678
1124149276359562865
88576622650064885
192719444895936912
79886632304246859
484060821445259045
516476171813112308
539119205627937777
583515527475037916
809205639542090137
1017709519972360067
532144717247587549
918397533702521336
455162948398495850
882090314135428885
826836345321988730
975350468210893388
954635532210688273
808058020638566389
588849951557516778
168124859186937050
195370170843143134
90484600915827989
8319567478443918
749628733292976274
256082979385956567
1087330432253893467
314874099525127637
224700480541182527
534696940814273402
197838766010068896
867403205399693233
1011564807841370536
888840363832136531
229867144665417401
959564874058771341
420268616325564360
975182143573102386
501234336450558474
898617495103312162
897366074485134227
683838818593489004
1053149870159851447
638693452589761378
833843392726839073
342646432802363435
720429214965207064
698416616468195620
749055225674481379
287978259570078342
439534384837328453
965954146505053699
247063726301179544
524086407770159131
302984802390051596
353657518994965828
610756327284545566
377743475445195270
966154729449502664
830868336328627169
939469959839647657
452457673551039440
87423687045180109
320438859829951359
1086481498771805862
1046920927072415476
208170645396886538
575619156919461942
985642035387070013
677490682169247938
753137663588086858
1084689974613665038
921088371433513985
276120424131439131
685607352115797037
6689552214287610
19795131482976942
855399774624616031
168744936236010463
953674149958973466
775224437490507924
88115485150961207
945117484388609536
334017945101835833
126666826032616691
905871063746596422
240373114628519154
857603748258889068
524027844469231203
358648349864497313
409451813220036141
832773526377654034
998541970539775244
158021482240107212
1051455413180084534
971583867167027617
498544764741955001
585499609640463836
803612587001657394
556203509624238372
1101944562519993535
495520747177534234
456895200333212261
847365046802724212
462916712626941536
188819393050069687
408366897018106570
890994258025866493
780085365538560242
1035958687473676603
187705346981989832
1034456027967584077
873542271243955416
1140727326720001958
295498033962169823
864223008559602243
793499443549238428
45014999132785507
639993642122082771
246541669089933288
782049171148196121
333325170583385791
1016817102118177907
236419105870557864
836753240364534252
1001420835338967708
448554483849566085
1129885525187443230
327241086399404546
1078082547530195444
615879193673922964
895266696548964942
140651799951151100
567443620354209164
453209907651274642
841367381228478483
969963282113744432
493171002355494668
31140881767074102
238032711741485592
839126029255169889
126214571809966043
799929730289480865
1092540117231248245
215576350651258153
98379507198292827
246748073245950785
218498790749322393
384003391276043091
621284931202209852
770713913561715319
846484016619978251
529216708472779490
519709448165477501
268837146023550335
630845440147205957
456536198899882580
1020715877764493082
111679779836520374
360301296033817660
430989618132828178
202595246342386494
452733401359813194
838012998586167318
1094400664003190628
432156674676569866
169723894390049786
75776413570891508
986971354958841842
819302047301618070
816860287564131558
516326014863377923
883155512702116772
76297838276520043
884596246455582615
186261510230309725
400724289338021384
173455710411365333
656809278605295955
633119700280522948
559082015995664747
422438639735661140
83649798077548464
1064505714545532167
436567241736857069
68764280367134082
797535888136624011
587863312054651620
687896776006710286
771339252218982403
707976521308796967
78827204436148720
771879926405666132
447948788094259685
383734123745337200
914320881367362965
383676646279732413
899931102666910055
989920801798442508
293188060796798960
1093331150699675847
985972472418104704
724900563747884251
980652665167390039
951659809386063763
379384241248444571
222606207034633378
20302830307738882
607822836668420871
318170007611247246
265396408843576111
459048664136501436
17230614084825528
435375391419609934
30976001854481652
393220256884483289
278864646056370758
80916588638748959
1074175759826381516
575412653902856772
457167689690731437
892973082554994934
258761953633742101
893971414905595838
960945222958516154
152101904707370237
878019205496768406
726688846508892979
954683324113351371
1150756100400565446
935001663914366621
9004386152828229
424633390304686578
123386067403799344
1012938528771064092
351503085221123680
274897113708970960
810148433560436257
867994941667012999
211997015564361921
584887582609811102
297656526351389852
953527841825425567
18311271616152661
35148128959289659
510735972859001044
803872540825447234
1148216526867157184
328482868046631088
9245499428874883
303116785133289503
721939163321737471
496206104054099405
722509348825562149
818670980390222745
863685877930111755
692748956652856381
749860478150769654
1085913387125183257
295807101114818041
115271840201460092
56820861997510505
880882835439889620
298060989893267752
595355344660388555
405585138750978968
680320822965812338
307935689820260656
362177145839453924
966977947423471921
455299293340472247
1058286852410517301
233414659033075414
760705640018192211
176719260732681224
971005545392945316
1057694663185454202
1055976193879803049
900900710186361853
346542130401898271
445331367849549746
768826422747885069
438878418551860161
835880260265064281
351573371889852545
947396795016560855
981862735161582477
691277970890710228
335525461180277654
93849007460990372
279567913200370852
949341809911039587
82343864848038417
1004522487199829393
652652287747865676
483183598984985455
1015383417984020344
22081516319326445
1098567619241324903
235855317858516720
185634871476789994
355295534571753605
458180481203513578
1006800557763101399
502666419484894870
360629255629789826
882334891176862508
808102360622119651
340505975982577119
464444135716401053
579968636441971752
1119321443948059540
569656215537598037
389345333138928649
1013170155180154677
1076238844364321978
832249044312022914
841069098414469881
338778193756532631
1100706143211008323
458802050047241868
466611557014316772
299403537576660369
524357278948874466
179515702613812037
1030404242598516744
561661278024533931
993433355907254824
460258789000552050
800570597376044668
121850827176023165
1037247845130153942
1150164884762870523
189550038095046417
469326155067036625
504636741771100327
244515258539745144
694423086517644413
227156893542751677
454415271910515385
877177707958655195
348799003841816682
1119779017843947751
350070750591537526
819267161616661276
679706741900045186
34214003092065430
25185830117662849
670134820958781321
605419047199190836
537707208587706501
691776042738460110
55546334437113484
404567014778537250
261592020978114530
895148013214177689
192893319079152851
1059742155482660426
1094055415196156398
440706500675139399
563864580209271379
1054575950483883195
796236569910516935
556464409628515429
473668254686565573
553968304538603383
341747592842253055
651713515951671163
339870340637728517
1083598537800584015
119349364752859769
388767341601685167
576273719903241558
884944635161436334
947816107719610633
722941348658435409
132200644838838961
758577211891450692
926878945347545651
642657250443817027
188975139196155017
846719301463065775
741484002498889830
796673540492622981
413245005749488714
665241408976334512
269037403326248497
865098355924016768
498080307815248775
238487238847277379
831569590246840409
688148428626348350
674327404682337123
830544422436694035
1094833948130009087
1079415735116767745
1065802537765765337
60232432487766288
375226119341934588
445573865344123422
515477494700578171
752912225553187708
494500950409754290
973787077029134792
936743290216168781
139106134068445153
206647754517788756
219109288049169675
1055464996280323666
185731145624282649
608085251956626453
319395171001646052
1065182363883003314
948384339404100595
47217722893663347
711519698451949175
395180306907671359
823344055958723892
942187767284649037
881177530047662241
782811643716392505
630899155659795734
139941947788161617
772763136876551294
621633863184999086
155720005664815284
974985505225588073
375049521010760625
395758610766594485
187465124425208196
844175852078893043
754891108617614385
571916511983884325
505690667060426350
830635021097995559
723562051569461403
1039264063924969523
745998023003488512
1078406880404120275
705860884856431789
594681500560031078
862215399229179767
668672170635068828
940298239325733119
1061981721604545258
148104886677444890
121606140471982414
38835992595033759
567957888932756188
576542656130474900
600663078196865615
166164450396634402
569841937604312385
573224671954462043
146603973204272887
891830776608339512
957127463146476905
1105451928351566898
9651562478738227
98378918917386866
340542370242825220
657928417652989402
634043271927958693
85595053001683274
464884970396420076
1109744535380458849
600826475707855897
798629207649559592
358743025385552331
759207274511583870
771506507119596016
394712321966641094
1017581070759454824
160612634207336737
23181850211984755
399379150391346021
1047677751229201420
294691450437564792
129745532911601137
346565503043662535
293564563914292717
765461722773907142
63635662383680794
658066119103548063
320457853253207382
189933003680335133
1150924985185641566
580405738521837551
240736754159795866
665995849626118201
1025698322566550294
552899181482644144
220747305220397520
948104618182605594
398712756542070281
1075935275166631647
1105779012205482055
956444423142039180
150618281486639583
857445401233028020
794319105880448605
415849323544638993
430592662082028352
762178442446300823
33742789158068730
693161906594602477
825507692240811161
468454294369688923
673826167447753456
710905713269135302
614451723703489882
254627975029305820
620667269704443984
514282500096703767
132863856204629299
1087478401631415565
506192718340581178
737106132412893845
434626018936634276
778672512360890154
480990755968679569
7951521574303539
938564450041309501
1034638943763815641
141953632087024533
134230250938836428
1148990559650444737
990246350259705524
808680339370803861
353092310244141804
364258592469563494
519997966187615612
955171861400780846
217521259809961888
280137449862339467
316877177377157781
533992838558706366
661955737842892660
53194313238682630
49020403419607512
246443397408107571
1092422835365696970
1001308367264453708
957739474525844263
729552825221398217
202608748652700328
175790496054283328
872622239704987686
752961628586621291
35308332720398744
303705817461185773
