1000
965867992449455088
282293741150417957
451439179154078870
801471757335793144
784740095449980497
854080859376840611
55911703689830549
329256535700781137
30132538608673397
482722625530415919
478265636456852677
271016388487276587
1042324755808027750
340822980255907085
193377091930897327
257820698206990091
371614730750957346
179127288925423597
155722508381587186
434286740895212007
195509633897157976
96757863428635645
626768138978750447
348039724492545472
116861732832625877
756757381513847601
86257531090130649
665387991526928299
190188178216681054
689986561343701308
204327289808031889
733661844645315857
490493251564352555
241581287058547313
766398796293197383
697943715708429509
301681396851498998
1075133357434478567
34949358060159556
931548665334126007
547159520100146922
719285527448521825
1112889433699321680
608765497592633407
731528798203641419
709441956603986539
441450251130842583
561114922188647427
434026075413851926
1039672768790018897
1022382145331302752
1114890730799565915
751067218971266346
536869001569129012
227992388466094851
499590005113649920
524157360457455040
105639141009660377
1027602883914378625
564677753984203576
810657164020716694
1059261171026632069
1069498068306511125
399483320577848797
990050040645653316
212588586313100996
748667359594471981
1077800611318511617
965052633878143040
802795866231264042
918384306235204042
454884337380712878
49881417283720827
935457369172123230
484964647858759426
653438388848643130
567951098533550245
529461817770548431
424347722252053915
425376275080098584
17268789771560528
348286065585814763
601566863841758832
389045383843431815
371158155912381361
1015081610890646770
861544474574602164
382700873085501669
1020379088735358139
143492655945112879
647095474717632594
739726014871503432
695109714297330568
321287166034911210
110012800276764636
500970116995992588
1122273130946761786
986671832476025954
149754678620399383
1023378361773504490
120989936576504680
852791970582364756
808775666919965824
689552167550088627
563493922683962490
882985178174821518
659137343445444318
163942474611297907
207664151965956492
552851234371819793
419975250245814777
599150422296542200
808842161722790798
586850049928631492
758406526344128889
325230998137795451
885989445952704374
77345791285484639
730687742377370117
64410360144172321
777708757832746951
708412577803784725
721961935412446569
505125367932757469
953837432861070739
1145317863927402811
279729233158251237
613930787162539704
78606460805630740
927259426183011827
907120388422882257
292190356096493571
202637185945872602
80390823340036119
547656181033351276
914889385642179292
155237438015293379
984088592504600091
15986935905231863
115872074556240969
1044039405821094413
510736943228109300
953717063474713431
174870503743631279
354726628344588192
317868023039621294
438315995974569954
415295111724587165
1078541374911425211
763299643356712211
971892101192507100
714327643853567834
970849430290724109
905821646215904294
640916692687476628
498837615537075891
594610970647810683
1142841819557045204
229029601066795249
1147718630864683723
419830126145688734
227382114781452519
925973104151717742
226843762117096074
933836138400870780
269427849479418245
461801611908193902
1037100150380039119
1020663336835279960
902881035498693474
577084301684965628
72600916817906308
956290806510268129
891094272644553097
210440512322095160
399638217630153884
686750292346962595
463689931704367154
366502449416647742
262297352379970264
829961992720145560
151789306018551063
318832326901552516
635472337308901851
687952347494825770
328605978426360949
890569187357436977
967345663801611739
798225981111405727
184084432841209758
191865852240879446
595495012867551230
936346194334802527
820134278170635311
195129891683799928
483840027563103791
122257358957698983
307972220966424473
602721797396353012
581703925022343572
135380760428593426
299185636112841223
337428030600803472
701175371505615709
44253013295031482
195248471586889619
7118543492243591
485519767957188238
974589039227062058
156483344332356673
1080388925950571864
1029619991136269421
127529862035352358
852438240056029965
119594134906541804
16858128482851326
898618909908005081
695594442693363007
813131616550925424
625584851391136242
823249365194897308
33894652107124447
291176445293723383
505984824645394583
478480021784048063
504007950495128564
746041902519251821
821882892388524478
383765437172967215
240784853776226623
1143650122199768456
1121812579112124901
1076241352984429500
1016474477127280291
436752525285280150
234438799118802878
870451233303407223
914612400093172179
590582307957779537
207019294827771322
521038076012542147
110992116983429764
928361106953350887
1016626675529732624
874702921730717800
208237263825724555
537132162591486444
755494765816703982
923966295195451006
625173855571939351
118435063837530076
609899614127523675
173860311788107194
644786524883113368
9153216659739549
464213935997193856
1113964610912110118
428921265549877855
903410154679398513
271764573310515457
3128771983223892
854025295079487683
980355367932938904
775732057544800466
78655868201018245
1110351332012632307
349444855106724676
552823690921137482
229387079615398428
661006111577602035
655084941665344378
647544165060545024
955246238247427807
64087637013556617
907389145684465790
145715018994307978
69269290853909408
444119820547172362
474406692827962077
156737622255697074
926786074082869185
144900472535749796
240900623932298825
119231442727781684
1148173613845428783
233220670030026946
628895288008328482
581399559359950583
1018126545950853054
101615082840239111
566254587469331517
1135856656227943585
950271027169807673
211646114074477800
1046132813467881313
955584476969059428
31735863029832384
598578864940117029
591212899897806809
4075697790813328
1102232143628758821
367213065396153381
234108305416565605
905456670311549877
85842791932012142
357419110021446916
1030035836017334453
717104472421765099
1099879174585810853
422523353453096897
47091913632476892
1088933502856078973
545342975336839512
1069901910484907927
181438724418444904
69041377769284780
1044505610125055238
257462773242501022
866442463355476296
740683755435297894
514445677792147323
238668528238881660
576797755036523296
1055523606222227293
775945223003890293
973084487056374283
257528269827370411
977253583150410876
1115411623981268476
973943789397062486
86787781446484459
579385653860398292
1062126882659548834
1107498219661776440
13610332239911083
106970419834004328
522872433685981077
861727507069827845
32202673072293099
426133299239883115
898004334307613168
798223655405371386
391900264130345562
400224672712179918
746073074382385258
950480122734880420
208405835853702966
733014614296206894
396906571512361222
172037177946801056
244340498911080898
271215355812430463
133853250066696630
756355886332814038
811555659417381311
1082193735184792712
268042529459015813
925432635413614037
460210260901246497
538804134947326383
1046418991289829522
469469469954370165
689363894278286302
270314596539248928
613247580257895751
818523953113846392
805012102007485285
91037437558812287
514837397609635085
395800534187994862
495168874167564375
877313871776686013
272387461914447107
664893185710333409
42590210389638250
469421883729830157
610836074397994220
979610524505040345
339286560280828311
885690078356512244
17281101026566029
1046028854947742217
456205763499262582
906952749399562956
30144253625908688
264678112793802332
979276534410504239
285583796207426688
1025125910237895647
483539912740148442
626020040940947202
999555771958984694
521601971484985099
266271941304703764
198492488863241938
348282238072658263
1124655636934228181
762911079145147165
1054834069019907459
46682925601324902
1033014371686278232
349280874957306750
287089121620867536
198707644424285529
811237739667051426
1031441524146693418
843019836797104501
315267016819896981
279156636891617354
914884072334087473
72209171914953887
664957140753552388
700871056264695738
947715445792942845
616916076131964026
979979587649856999
842539487529667622
165964529730223546
358735406678931946
11539821112531022
824363589915709389
608213241594898066
1144158349604658506
761113093713302729
26431562464738766
89144265107046289
164744113069267848
1022482824511753200
175895996945863999
631345565362755102
602875730181679182
52087479171546786
1084379194260806090
32801297361872695
162934252083671636
201278377049565850
715173128740155062
413881506517326402
393794200282855193
1147553458042240032
297525940125031172
812935230174164983
1145606819447005855
594281086117388804
641666188546386317
626419520538364236
345952674159420945
377483325019253648
555462379052069075
232026021368062145
638033475203813802
19935717156342411
832298526209963621
217272910463493748
433492454224443987
568088309811797059
563561855969815010
78626876927217483
489821346808920867
209287809942953828
63173349470239784
935194881653371686
141384896542671945
201660971551374578
817368295586125252
1008186672851026584
827291631650034005
941560920166962496
1098887030604554157
105317602265479057
606132120618468720
220798610148390949
543100502158633952
900382784022693678
540502372290763690
1104691553514506691
484969328147561028
595511845329146507
48507730676328606
657389123493453393
181264388386940074
155954059994662378
644760029994667889
338081662413057981
201555717662125548
359579098851714717
53183101226207186
60309112340889752
329978797673480079
286939859679724444
1129386940407579971
261248587399675278
458561375406830265
551264734542159353
764704926968259632
227606253077949063
63830186096885911
244849617273133393
674453583158550572
79399420822190565
1152332496596732799
880055093162564824
282231512136779406
629235488105329202
684998419769323723
888298185711049632
515572286014725481
829575135198376315
523765045420164332
604027075894292147
469524274382875440
218635753252742043
507819379641732167
149997489886839345
355956045711864036
85337448781979792
1017655710333523113
764106537527783626
98641695540696343
853787986173423582
55874387391126303
639652548088072984
660108864044150026
825389457448758242
617967680344379638
1149110703456303268
758681408119818113
125106791872393136
1005296092192715255
737615809170465161
438613252932725886
1098929842821236318
136862466140957625
522107238628612191
618513510852514574
751197278916810448
1004357181235330400
936956183325147604
390524843906375963
520474945169850844
890205753354426652
521087144635826331
685128548913289257
761628660501855245
472110480570230744
851500886302497149
434953308381279795
310243554830787254
414735484656217138
677553952168945078
410561979109156117
658867135411062474
62909313810462650
1117557875375804756
54213542248140294
921437738379897538
789529310967419405
1121220418547774323
1075708892256150749
936955603567489939
371115519870928316
1093064196883294674
1112028548467302062
844196215727879099
36209929661336023
1014389354572724023
1066779115167425185
596155419153316041
15417800094162564
705956222943951893
655481670832130332
210707119287804317
1077346309423910613
786073252233207791
1012380104880427045
903511042596632419
970138540848325240
941280576132797052
832959627098816308
597923147015197430
608367849563290275
219769946487137403
1048092643608927624
776242961554152037
971458582343154057
340783944749512233
876361759373620764
342217730490205812
606907784610026682
826752362991090710
299864169348668024
756171742006831323
28025763513039299
382417433154912235
563019097085731941
471848626467306567
761845225846933455
1064866155963432593
596508979474680026
107136109875588126
161579980738001775
971128341708378495
953564236040030582
795223113623214094
785388099057511342
558120924480894034
446759237385678638
385599908751752760
1079053733363397803
207390835346655412
171684412029601364
927316332938704363
848498723294520259
88426303997486766
533375755124344896
411530477851177432
666766629490265020
639404784686944210
590886486983863795
400481980038992914
642307098917674941
498932800802122408
611763806228722524
340222399634095266
230601675588605105
1031826979169485837
354628441442484040
558902267448969739
808776568150817407
589046756908491290
1151822905008354634
250615039764662290
354398944300177489
1112023103183661849
850079665497471170
936381394162739185
5957153998344800
831400165038564695
85688630505635108
645599706602737980
1090841149796204343
378438425575013330
320343188643483095
1146165644914419136
1016607406154520901
317480830015763601
378591798532146014
961242986478514709
1098557574070802442
38802440065750575
897446772527863341
518005896621573975
1093725616355367965
427231993670460764
760651272636689123
1108539047743159280
672849712324320040
854080749575655164
1068207588140912513
97134374118562874
713263074437334825
940377636203952316
242631776773635422
843296506923360362
953130308962103826
910132219671896197
356657493175867777
1132072552998461503
834079671993413530
145530464981152403
37897619150842267
1139379902865076855
722798634860112907
559065777250146012
485235013040928448
173137578418002593
11434101511395550
224492381170101936
629503452693105410
256965252995380558
129798507749413284
967195978768453761
537212235824910101
311084871943691890
860750902586417230
650640210532984485
388164711989878735
1119729221959194900
281203435820534988
1044284338768605674
763510314011299552
88552384668427143
908360354178474902
759962360822601741
334261046119824604
146387610277593244
412683552763200431
819026540640758644
942718108095106520
430038905073294844
299750021601438745
1100388244424183864
255654375333029108
773652531236397639
1007793292766004205
264203635735630462
208322177622556465
83597012128916030
430708060354531639
767102696321105534
396874810165507685
294209360888315102
567006128424153482
424334538864772672
341036968406768257
312895859257753555
170323534176136207
847948724312152055
91940436348861267
677289383270293263
37852506183318406
631312236828020640
488622463210073297
29411069132814580
265511168580081147
735350709525075275
712584510379004919
608974428852503490
880142563041565138
558196655386031875
241230943385506239
481113142667686608
542363435762811360
26626985128965752
803706638565416152
330594746107657231
398291496355037625
832990582888869365
984332857092092764
230089764306052183
847523702364050314
75359273858815122
521338089754262486
329681118428389595
1018792903738102172
969279257715614266
1100460108332849792
54551812837753343
888689254936898083
1027738968135583858
519240715478475073
410476393351109398
932185990923306976
513950935889723446
890748403590877275
134225674490926794
656926439240582166
556926831620892244
212545615860415822
269595291740988041
1110296116201289678
398652294303447960
734619545570190515
70659310917608889
981951019309131331
444226046023323144
230797264529380008
757508917394817160
862418389723440922
795372074098194859
57221719111496352
702963703854789970
899978478817683279
577036607686665789
1060772049077872397
748449838084690580
73469074001747274
476864523054417342
648010418057004652
515433067680425470
575882774598247687
81333333881023189
864749698785674943
834748459381600154
811756674078642634
142120544286288576
466341736078887894
426527310585860070
328457587036915787
37380193113198577
674937668674115069
1088916692577747608
107350038374084353
1089034856698795113
827382576327837322
87592877323348591
448518459555372697
73119789139971754
262613467740050452
395146046531429464
105023546382182942
349127774994375428
997111993748140239
231517700941072071
240768789946175974
704949447550221130
586724548263788809
553958871406652836
830545641221214210
88077599351090404
686714233327298994
838679720504208990
836563270578589081
269302995335612854
1144127205355060267
1119062886045152565
887668150328797811
73344377289267472
1032087050515185723
920929673524179236
1101765847663265853
64836017572304492
793204915416287606
408259379043954852
763262727194087971
12347251684329677
846975138875217687
1027980810383114230
400159818066912797
177301276340755297
121099328110617453
256046688749127318
688941259989581894
31961322988742455
373777281870778418
630453018768288178
166629574466552477
539997038187527949
889204717265514026
864184795125406661
1041863694126137067
776277055030028088
859301816471141611
1036672414193751944
315396949233630594
544516715026132832
226361622853269576
576047622558063633
1119955218027685965
277383229028922657
874310621655130093
786420429077925888
906192031508598953
985301250730683205
815131678489854607
1107334640941233555
110741274480054401
373418642797903792
266994325112477365
779924854803017998
764889053474422955
1081265185436244973
628012639180091094
402042357379285870
485962836130995057
766402641589135816
351517027892212829
1857920663879047
564871222164552011
62884088776307175
822237188863945950
503464881163808228
37038726925686110
49897258540270823
234357675093180801
37955455210782322
1055887273258457107
1014448590174424972
1035367356450022305
83802265469339544
401824128503573176
575907827826588281
1105841628257336152
878401826520751731
922220392422215377
605493680918870903
1032148502124159792
576470880955292213
630333571449615513
565338152334313424
694084797314975450
725473007161745436
325889568859364113
399718000328911201
378730769159418159
493708744488690042
1080273789741352547
917769633188223998
169925896447124384
364249808722264991
396333410827425771
846238296359202425
642134434334713582
1030757689790305926
44933570072712696
10926493333318531
918308937278998555
342016814847354213
619304167766917970
53157881732442897
815504078034024354
390269226249633609
660091319476917599
223812869852908094
486181473479186155
473011681783430244
813476076639893587
990996324567647242
537798094424450722
168067674302724699
661228536397040746
77519205173392071
283696583239882718
585959801341210059
521009431301419245
1087971150682299637
217219555837965656
423247058135954698
553818052589588259
553815131894166912
1016470056029276308
826851444868346804
126538634757379182
527860244753740838
1063188009540912066
876398452491307364
444533161958415453
620078957984751280
305846703159523013
632581763316029038
380853238862952397
309463262378283717
860825548361438352
598296296225215188
787319778121180000
490368956379253731
1050724242563881150
1059484431528951283
299954551870421737
727892977532377589
367054778651485456
410855830885260575
1139982092524426642
171784539272997483
255999129947608228
204229958972208603
258059394473374536
859225211004830424
795725458208935957
675325707097490025
490609967521277231
361598479063448667
968777978379145812
433863456116503067
1603905722078553
733153543176137854
583675540085874272
1046438498281386538
1119180651414037256
339519008291577231
507479574250491117
107131234174639736
540301659837265689
1125390448133591140
518069595842581735
456528304712060714
510376586533347272
113428665744107627
654585524571584737
236775514079182821
643173526097489873
1096690227202110486
734822632886592849
50467257746730598
359485747885905278
1124062169657211689
911159995248177441
42576679498806116
1105912739272330007
173304064225141160
488677916550275903
767135470276305721
199536571729802409
264499384242676273
1147960510467657057
904018400426822164
843104640375539276
157498980320565042
890582425832858732
849068841915031922
