1000
773960667278777305
522483747242540341
853398631912573363
355172136144902057
299676055391050806
486681682092913204
1106019672902336325
144975228329179909
272978166329047789
96884973469174028
228584211771066579
219094769554690052
1038074183294267525
680102416429316996
440384765496279967
344757105085370740
755769079933968825
385751995915667804
707263687540950946
781432872199334893
1069762012615805936
743982881451924257
723207448538242483
289306370158052441
1055862080298285830
689669484582453319
178166192220677341
84899470743470570
207066446310583406
526541947560602599
346917143622546556
903463989984253611
443712672510787471
504613070657954055
243660708055358083
435152425190945040
981664595001514684
177651506944182665
44991860073624400
536758638327567225
347066486796642233
38016414707467989
256598884400071467
714034909092282676
831435362476008371
63109060802540019
301796971897505193
809580449690900727
110585352858208349
409186956216753035
355349693476126774
1062739693887685164
395720814434151013
36676756728514474
5827707924365871
1040458867104037886
980949170301638492
1044021736411793240
460539875851871711
464954303916915421
190837022587735824
304378819721065962
811549148076766602
478381596056462599
514316086473054620
893787257589127593
787053824240940680
916330740616572109
518527644953417902
708243865377537231
958899327638310500
149260181559674943
266723684799303390
1114408458696783502
1094926588104345610
97772265897653932
598097914983893487
417370450862788122
712724809441721607
854100600482657662
389832777360614417
305494922860187193
351166973669580529
653824296188072415
926366759416829946
1079012614985027679
689593967852232656
1075407040525302243
765346074509872067
93184542470828724
310960582185847464
858802066168592711
232076694645112650
606061879098480717
514434466301793515
365818483322169526
996649493951946638
899871853880527144
13663382588209640
411934485064778418
389512702693820405
36990685190709824
1077343651127892208
577352717793125748
991382336565790213
592018391641000079
381645551971624886
184697741129156422
390030260957101124
481149242629948386
509427368306356011
596440103085692209
350138417813907447
1012935553456420859
70631791198341300
1058115537583972112
1129621107276579040
1062393731824908167
253726309004918101
624161307716782536
987735273695595284
1104162562067658790
546708811719042092
965161170204306321
69062352622784494
88073842327523232
303737388730568757
620853046345148787
592192980525341434
564865088291077534
588221959236817222
925173166448466365
434821755370501651
137489773343186768
631938342611538821
884712031533570584
879942537351511604
1070802282639362755
353177793128237767
449817307635780657
200754625545756684
783671842223444539
998361702843556966
950491816166922263
223975206423962761
46640627555016283
331748577866016402
289217674042032240
998240694267467730
365250121509501623
301761254301239204
837355721859413534
188809825533854849
579635835010029884
449255289437141916
925912287452604630
490846482651803057
158543076500948464
262215803231556452
522018751526057788
739026461578895714
56971470621452522
925657647062422918
1138091029881433160
652781071724052223
46355594345245030
1127310476150488449
986693488055266607
669186146092071053
27264070022223973
830289045656861174
312776790315712230
213806921110407867
341861081922606104
616450647582199810
185121228057682678
920487852215593494
1033404308963944119
266969813758918161
193920690961209564
9001819691543432
620369143356740376
659003833455409997
942794623445569942
193797980802443679
750836095623015441
439066100450634817
1006163546857991372
723112889776983018
611678728792348689
735850979830100663
872116312715400812
27206041088729974
234869839961732505
254564251326433597
252055748210957958
681162466725623276
694896502347184217
714375447834350886
317448441208052074
788050919384063931
57356342240666904
421875862340350873
573919835716089269
87022566802637761
899408674602953612
485012325603444822
158158142663201647
239936581861019443
908757539702186726
949855207651247646
204264323528805705
351023028099133988
743506698883195334
7229015335438362
83472468179167616
511518592622317985
75424446736711546
956631484294012520
275305427833034231
1072409876531721971
679555239165637466
949759241338714146
909796788166418991
406987033123907968
1130498057001072035
623849638625853658
483645446711780174
476628649257315297
535198319569049208
437188267879452511
607181968799108012
242656842129473548
5135120098381241
725913864665190647
595933111814332047
851848105263354426
319053806933234866
677080661806164032
989788940191196189
562001820560167870
630268140225105648
743686073077700969
74354628715170948
936330923330124572
335366548268445953
146037754315849363
997588813884027974
524134171494807217
586444439821191089
756778048929171369
430830467637190854
1082820064089821571
1035815680393264281
1109923281538901162
34273060913053488
654310361629043624
575549832662919053
266108685174838034
663008479272601001
888659326225077110
332188356206251620
279991659785216316
501839901905000626
100950568057748694
534923160974834930
165091116204947172
18118587956378191
689465778373389349
721134190595299223
781659706729159303
967921529720378134
144500909454421428
1100121284600408876
1073822410391901851
882273044294772237
932150107714632609
211982962491483455
182822779118759778
703076908309879587
266300935890463099
956874287693913655
22621893662924465
1147525184059282358
832147409060055640
9907559073717449
1109728332437406698
981091837227044661
1049855223015340150
424035767926236061
15554723301022884
491674835618873975
357673574821993821
59656100167816635
670514069404546295
986692635060651342
930176543788818766
1253280522992053
705430915693674825
742499146072772117
535087855807793820
43253484618878971
140564180689945645
170233569438478051
378152234476575401
379974531065670428
1030048314620474957
883509189228234356
1113935407907577558
265833798047296728
582929795440951170
703286573837312627
683836902650155315
1050091634638966782
535518942289707835
970286624238308820
726094705561011589
274232210264420569
542215164654679501
564878117703711445
77595849328620192
389578636245155963
839868065932832509
695956816245931622
775607906548511741
417147624680180309
1085233573416244917
697927516584221926
719878510663086598
670814848220108967
603783010375174596
926512626787938513
97341130653023321
340996522346680754
711762737451350962
1130206278988952452
914025178041445525
330683553586642981
363143899197411739
971610276010693681
1035103248431451018
7945664393101698
932676078727426146
252691510528777515
510430804494533199
846570825545522199
577806199302620546
964438841424960260
87806786854994781
601717545467363318
330320830706160724
176558240134576014
382507938053322846
736084306505396690
693412462164238803
920447927734790591
163348783902279713
693222879008624688
270840494225954760
658702334017634842
693487735754336613
948663514670651125
273246653804552836
957847781352006024
953234904352192637
1002446246791198669
716784107704295195
508422762806598459
601550038107565988
632026669227415809
919041463647187666
975823090219077729
274258920562129167
487144386285000092
277727057777471233
81945388291192037
897473645044992591
833507343160503125
173590050612188340
864277784924910909
487952652898707382
449194220860596336
815881346876426467
532858052597195285
1024585986196981913
667898417949705803
202056579344309975
525857619010478540
389086466434926420
1046302788605640225
684746218923861771
780502506309444363
53405432307770538
117382655844387346
77848251731629452
969361845641520970
98997126808862556
534374996002557038
310227938937843176
1053649717702354892
119771482082258530
858726103482577434
480354922050733174
560409474978108050
342461034752035838
449143948678851100
69806727550590600
98650770159801404
1062698273417683478
317980369159592548
123187412787683923
1019811305828472057
879090904282399697
1092893936674420272
367259329217180502
1079509362187230179
127353267310904867
518114770156377480
858001476110614316
1072609788524401375
940601981141074069
53805737160138675
826847247504668602
340581805263425361
315267987739707188
114659328709887722
125793222172074330
191186923532712526
902462779781125313
804183903691384375
213655680982986068
875591652024060000
138676461583786276
405969976499355853
164889257976577096
115227467576380093
698599494769146912
800694149011630113
912420625129876819
709008498403802203
165171556006816091
72150908406281130
280756740768267849
715071669891572085
1114151156499045254
1106867866123496801
486485771364864720
825817230762301016
427712531440347476
209629952524291949
1136027577082240083
591523593140460688
514230503411147710
2426563441295561
984788745104177295
320307761440569717
112238254269649514
992599771161577393
819473313635483096
975901064439043629
170114783773731385
107446129882597890
131510138814569598
1130449173772005726
380733398562874782
440203103948877884
412100128227308629
584307618958341787
167652460248135686
325067026908155045
509055941579911661
271884400107917512
156113315548705507
478810369776918601
187623879271553014
1115277492256759601
272503457051114173
920587749160101981
529765268921364978
648372460250065109
492535709714741080
372106178929652486
892700524615947310
862135979539453711
7722124759678672
282571658415490807
995459036528049008
3594232138246886
1005698696438030842
1104332878955592210
563894312685847844
656978033228361347
1131969000879131476
899644864942999243
985339097724487834
994005457718872257
799385339441046678
916809810409651261
948646204365629815
1099801101476192322
909247955134910188
532920218992866439
556232639604153395
278505937260578116
466365696532203357
731120092576134087
387575667249213866
714767812090764465
862970201501596339
981208871657494588
133515077297035739
400780534447624240
98071844237271870
253108747327660504
379617358232886185
625396070557562714
829188308444905410
361285231802203042
632440565312758980
880701745065604942
523807450068449749
460979063638856728
416068203511389823
747111642868840456
174465146980080335
489439116883427245
257865565695396542
509888263087777804
163887084903408735
969045724575976913
1104226595069093693
123607158053961681
30337171982600356
944622002724619826
195261225230003485
534733674933630750
209106545694774612
644797656998639739
243295233570096733
608744607891079735
79976060520488454
250417171016952365
240321732785433764
714092544452534831
804599376512512742
1141486514281195316
744158745813975201
695649310423369936
44479579633412299
584404030964666097
188430779299134230
659553400830935266
508933812105429581
699696118226540374
536637098404462636
188729790731124664
225508790498909266
852967483466278667
390979435132626705
162253010492637870
493962833899067253
969627702102090239
1000594704903495266
913436055549368445
637948994879526498
642418828757290208
907265619278561408
1135928011784458519
905063851102759744
195744299008680976
394248473816634100
867822743987229951
501749283407167655
1116707582746178727
129472459160430372
920393232110698823
850759903288925055
370705316366465714
146013392407022090
454446750663360143
189847547231609631
852808733545496621
290955690351926373
169743834623442792
864314682151712056
956647470552378743
630087265218035680
586765879222249985
280863484089982548
772072961289995621
754086497764695181
331363693041348561
220292435460887491
343478441443059061
544145900282600405
99111399714412321
363303398878522065
616334876994153038
957808640933990302
762141352765216044
508967844250937247
715331730397462025
549559438759087450
539899155416537567
458634742303232364
974687091560499926
166359948137584152
464827680885382738
968629601388111490
608034202762684980
913691753737062560
424690009377707475
450808665685285090
1037078869943222869
4662574793521738
420227930617528094
122955242440797104
454636704665717256
1042656004658617332
101816138782551219
973447719619971859
241790104285500184
1099158096393547356
919008127789978622
628351104371673563
978468683981098033
667536377406541014
1125394490784436065
144710554291850159
741765979805841263
454558496339128703
198376550271282561
755454958401450313
826979868569841273
944797937509420686
327813760030149570
431938676720142348
106348946089014134
936417556588523396
453650352581813358
588253009201749547
736291384752189078
640216643367492870
1014227213686020420
1111635689638314175
1080121391424773543
537433147997091825
359670083153945053
237711406845349385
1150562229036949772
443142139922223331
925996123587583345
678209629845053261
90789685577703077
625111006637686844
833155249223446964
819906372186949001
959516442849558571
807310907540186389
392569623559094469
1007254255735347073
946739301802088422
548128300888453807
986640364119373775
788800783441548275
399805545416557797
671362213354995899
472005273184995293
648202365067168649
529426859696265845
538263130212504339
548175625392224185
754116870100195928
49071712047676361
587952932436120568
391773151670415563
461317287270728346
631765903708912601
397126478725918010
232687469811125900
243007742807552299
889831618976284449
843397751797862928
133027218210977287
571545981373296609
686607550634995955
1146331575599939555
790106130589202997
828800644816022047
537720247155695855
14851329360966803
487703229031993071
962641623336353171
948811912958360983
1079256203191444104
900911524319716522
831823839453167987
826871867991632577
585455879210653920
93743965427628350
286584928571844077
356150622608570106
120363021476241517
83705676652555073
1089234621914468647
70471882918521105
69536860575370834
1008982103752331961
237934872256163628
221914070270977719
897440895002665276
536246778636620965
633273458954359708
634982802558241458
192115619660324657
583049020881040829
153477623645730617
103985961290409187
402335946401610741
518353847149524282
689635913699132742
52894073022771584
421703654605119799
679216051375907952
805489611113258150
754798329492361425
150117895638187513
83867923559259837
769889265250788408
212561109101832434
499884802555038620
310493125797099125
618991705610169420
1150350200481490234
962590627076976985
70870562728295940
207472986603533878
338188928422252877
195240443133472895
811439035576174321
605374953628272241
878096581293216072
407136619629244433
915122191501497976
786007096357636496
712790675911384151
346144971202467972
29368008773475891
1109599487087960902
908206218896680456
53181456614163510
761990640687760740
77320286204582732
1054592166419569317
1132876611893707176
943689783641758315
552779969628939826
559411569930468153
545879700622713353
724417705424774169
545365526579526151
728742170341899236
105813651200798722
212918184987511658
1112207011605268827
458483794939080718
331175706816496574
1098143953761750979
274295866248372047
277354743043504528
656160690347545467
621645471759665532
200060920310029383
1125364213470594000
590912751003369636
280051365324728579
769481468470616803
761912204348075253
22994809620887923
80618465744901839
88555198498977920
271427537883285656
86146293840964605
469091806543750148
84866171161646189
924710114359681690
916110961861946598
107848524388945393
495232715628524167
941820594527599964
794955979874529114
355365754088676220
278099246430441637
781186046711377244
731512149056313797
399630450040587535
270510120594920615
705789823237626399
170978167825750703
535451501141245096
789699794256887543
347777009772169576
355274474115105154
306306558502466896
792948650522036916
468293628541875828
127256838139613108
1061044225351677907
50508547968871986
48401217726742514
148276711663408780
249458068859987737
848382029882181687
198875488267744357
1076960459850324834
526383303258253698
102036862106791557
894621601174194810
181920135631495119
742849872352237462
1111695261767909047
168884679938342358
222654664544266286
540855241950693099
165708980828217229
1112454366400742564
664315804268153123
602140300463172711
286206830513817132
1056116181582074568
603664353020334193
281196889580260525
686104531447161223
149784323072246428
1065257853584938207
442631373348924720
375216127764985500
183762096354337140
637070202525953017
694180978771246247
6692850439222039
574639801727923861
1139715612018883923
964477636089233931
223978749106517382
759390949727794345
737649721528628811
655870164897235097
926957108922684100
96813618996048231
839262278975203643
722151107382764528
280254929250387766
1055643551038779534
233504283001058831
868868479018000709
1079196198371554318
405026434854044227
777302989159396476
165085482929432575
447731317015685360
1088955363040074246
863938163465001420
883496878889660185
267993473648762756
640503918981914485
1052354446371767324
613046362981927401
792278367917763776
1092851474310497096
362384902867020183
415846400983785079
826111766598509134
1042875376501517161
1034428680306788442
429286301345076962
389676956648006572
229516218351874093
28348680716312601
1080058262916590728
818388389656572339
87538084933584026
1094636632159720790
517592189990472318
478234430863945039
284775943610668336
583197115792337199
704007804625232198
1128413860095139935
878949799020788882
981659304080333561
60527781212462239
299952536823929434
315005044131140296
1125559708513427967
1058693783057732100
356803737730510735
790045322992861064
1054164359855223040
363990735883636978
308617686129695089
1066822012928196197
1027888731171890182
994010029431878066
66634489957048060
779140489958723839
460389736679655585
332504667095962160
650540230189286696
433408787434107302
845319490849044326
985773026048391216
860553985510274541
996730743587064415
463135942276447248
1126567357822508276
462405170027925853
1004989090127742210
580457902144086461
126825834129976319
852490582576024619
6352313568916097
1100100330272533704
914419457268596900
587589169579942644
413348189853164747
696826837175477938
702273555778994929
185737262288272580
17494049629096620
459974616382515568
97769429651805517
883471617357128719
764465566899013981
1017682454874404493
236877217861555385
1023348683440315090
737847027908933778
275625765142266477
1146976750103016305
236092685533579200
207882230952946498
121693732975006340
720299601525688376
115109115974259505
82283687935942204
508337820909029208
646785069572217275
470952466045019964
916967357990360231
502381135335318587
823712908314255768
1007554980397599068
130559670434615097
155521181026535577
525130242883665597
1080524844473785125
177319092898506813
456013128396489091
43418580978529496
967668805309829970
963691294284938910
647981370129433336
273852641253180930
857765695771914694
987893503274271557
868835404888012933
661727377498435134
569073798411488623
179619229433312290
791233828125423005
696817392017762889
46311957295137838
269033431506515600
232064229846219756
77697536824373873
329669811338752654
528181300553590312
12508221483130785
703330947142524785
41573433253451204
1131656644318520913
301610229884262217
427507727986099560
479481906774929387
434939229314099479
1020051206801152157
471835370430301777
1023395814111180968
240218321521823508
144205220771765393
454723780719761478
387925009931785459
681228288112597704
619842107040858925
549177881456759170
143584174580124777
646182558025496069
605348481032382368
411938256468365737
