1000
538445488460389824
816537840970913993
745871378388593012
527137849345043247
633178357211673595
575643294083137745
178708174729454147
923669995082035033
753031048859965733
506848795148330237
359226661109829536
347402597721247898
610081307239232187
501612851327009296
807423445005073163
1106031540891821161
998245691022054851
967348684099827473
1057561282867237943
164646655561368964
955781826580071139
591123465669721663
559077071820048829
717052882821657795
988985566025933841
666526757201584617
1130255396654517036
16048897897995282
557128781967947095
778427322012075107
412162499119199726
514425724628793068
1029845943413846706
735347822212164631
605777216175072915
217368629993067309
971060262398593881
1133693332816019735
92732804371165351
798673676306902809
503846956414644655
696638698353526373
609335553439611056
170246714589373136
437629878093426521
154429901436676105
362026785330151462
1110849848065963212
804428310298156235
516686224360988317
385581841831760861
808148784887751618
164907504303392364
443452197883338557
1019252414536329891
336761815484024920
244463551537485369
601938923373687595
412285917066186006
769976063827960796
187152019798220281
388581743613970682
963669081631102833
161338672827812254
475824081589027516
856579636777759815
407743470797417291
951516869471688790
89668206941430603
226039675308017590
1121298575756215813
421923338788585357
1134256486359023314
920000831969821279
304592459807704556
469979172837636711
935291913321365500
292044534475038266
1033357884141927064
182919693680701309
1137024542386667875
1098135436445931223
480485931956980312
671210087356705280
486487851972770384
113863587204286585
43227478971423097
273428733703019970
585298736926850205
1052309829648844284
357580369169507216
1056883727323779807
708235445783667258
985708159379958267
9335845834686955
183609277556043403
710799152751060346
728792675761357701
1008781204338923693
273158462607271211
606653409716775611
819241993052275601
1058657228034272716
1099047170358423593
1105447035062091339
540312154025324179
616287244680584346
1125240267329209519
824370179589189496
1010532558165715415
1000433502078688145
201449352299109866
808807723981087545
937931314735446974
118457569694298270
685641288223260605
835574546424814716
791991637228371931
489679772308801098
881065876127742020
1118284594145062781
325236303000891875
885117342570631356
1082140915466100800
241748228483260387
657129424548822457
549045474144484316
76899365861095325
411486883771670681
309599053778252968
1003147584166329476
445101129727212948
693312292191059056
1054513370233681560
101508510561506837
386466536930544555
484077489243364633
35406702967254790
727624705260656654
713752971647311592
877898782201532702
608593267704603570
327933704563980899
710511442706552935
1016785996186233128
4834130526637748
690913030006243065
762396957786905907
1015677090095752495
4495134272780272
379244196511423234
1116816018823720890
454005394434652841
1022018720827480330
55586204484716885
767100581155115184
811441586616512695
48588074691470616
527868526276718243
1128474777794962256
131425039035915601
451333451288158741
165732244035024446
625978820782400073
1034449921113607100
201969245544298915
740587725395305429
875778388425726696
238603651896735827
687236992320124052
1091976174590666068
767107304565541353
786021137561580105
694006669035336378
72189284044170166
661769254050839892
706748875553926563
459461062358769022
330473776430947644
134668879723606776
123273358193479343
903166545338159853
1049029872263315875
58048575086982150
198191307976003752
504850614113618859
285940115960561678
1089630406331230343
499487262344702953
422226641019550474
372263335928520570
329680614355768510
837061918941694307
905345085426687475
772606426564468397
319318298058258454
465843938938913922
632041903088272998
131021758950730939
60558809983720860
758544251379961285
384970724820545008
581359176794811903
1112044096623027997
892952764617135239
34666064527023970
406282728708764741
478852886039827996
914493210912288271
911454321264896072
669678255578464842
690307780170044625
58138298643220974
1103292694565919171
823820156821985892
162757726330771427
291538399765428525
837862967480750562
747260893100794943
184186436134228629
679250179505480189
361726367464583430
561434730721530495
1100815268882473090
707129386735463855
683501644377611744
406683504364792901
1026812589332732399
913692198784913930
1029948704249492844
255609505019689798
507401377869269274
826761044863492288
569871677134463659
168851969535788753
791577348798346203
627614492662055021
597791312135211564
217100639083389426
194891684662941806
461882157457751085
1083628518751873176
424394457792381754
664103574389492723
213041973955573859
286176044239581093
87122569044556022
363853323081686979
695286622433572257
421920675988336299
966130422346449759
994991093658469922
1133140817941063211
1088878743315659953
123131683441029494
879093872428443965
61065421461734766
140707901076756311
204849499618525562
823730076632633057
146693615510630841
346516292541239569
753684885645669351
471680716691222118
1029727829773263472
312122832284286514
541430720643285807
459591539047042096
765852824300465810
238377037047858496
739967909837841326
441749455721482547
421908518120310799
1102423968124396571
479427591919922941
85085239804882333
860037997949045569
632584166555046138
595223443286309263
1091782029955150700
452702361405664885
1047096233498500828
17987054328878580
586389029943619152
292410640851853392
92771142808550148
693159533758899234
836137544394939371
141974888483174224
95157311856756814
1040122430258335833
1039444911346953824
848667580911496389
941738575073141716
497005917943886152
1116882511886850134
463810285229798096
742220667966859717
70276096088008032
868078439570015127
814440704809273285
897578356007631762
51129293315706828
1082042092263254037
738554182048618082
458289371966727518
909501419051003160
282067442048204535
992608338481955156
888134247941555134
650488374172130242
1001392255363577686
27279400828085391
929116749373924330
777493027499973176
451046777713119793
941690749599084127
484565188041150907
53312731046556227
348898686128908146
766756263513368970
239494718533102433
651382009266854788
797678450214309724
513175674228668006
526602964309664888
612016028916290893
987018079835068423
568236973957147518
820621929973023348
212823527729816780
75877128268986898
672842175408610390
192027038961671973
115470314096155005
268734724817389223
6241618408964059
692905903379902634
165126215006399397
62611784491436030
991754651378603567
786068869201142070
63140270428497022
1020496181219585751
185005281040555360
849558267765875584
14378361625587056
1040018246977993246
181896069481534430
839687346448003322
982586663983012433
547444629781818890
438044992906664581
809616240346744890
142996386037158270
771673575659796698
305337451320178697
925747581800654887
231439406600883887
1121805868359685421
1130608531390347052
753175305028674909
49192679271734112
801363771543204454
283238522982893640
746298556234187080
956989043243370114
885531121515234071
990397617030185369
490650818452618155
140191036947947829
702370889771349002
115904172794935539
932338038232605104
1143324983268228395
701632971204648175
645243236553973848
634540398927462183
789352062979348541
849835776766603257
1139856385342466678
587003972773304183
29612730743163190
491312559503084693
486501104020660377
602698587235636828
552347454759427008
729284394177144736
433866791592905970
1055842731267563331
697012660990632716
658925966419686454
273837668385205039
480941188641772519
348890304918372914
166776099174627684
160528487408845958
18590015443249360
875776235218923844
1140068947179408360
169961359701460671
1079395221062424822
5068968717698493
636436537284991960
81019643145170938
1067788707953852646
358708139333526012
989032944363859337
392947961701201015
444894769381885208
552503335692079528
313932411235737945
946400811228436626
278515653960535039
919517091252713163
1122461450083406517
1134626686819903667
636800847001827336
515528601753457403
751843129510698250
819668038426148173
909431938284735709
1822182650048109
773785390593379496
367375620252259690
637973388645658802
559111114623887190
335267087468810025
295802776025715165
792334510129878470
623726592454453224
976376516711016818
64784737692137706
388211628787806204
239983324909954103
61860224519627850
187211611390618398
1039847848974909144
593018068015026967
997234096338705474
832796359040148859
536865701008848909
342634750604766607
145471005875726095
1101353168630467926
339667605957715177
757004096466933699
906829273902579728
101980619689227500
1090506306038887603
1110478626619793963
780336489281555938
549535639897285669
431934378001324730
503023788468888030
609936415778981619
45695353528522575
695063963628082725
309815118829076457
853971877397182637
971835046029004895
386090133699750242
631548742933300813
364030277262950978
8191663197068441
305782540223689787
585830670260858036
1121679262943899781
1146271829133435468
295205601254402804
108527663382400747
1062738437462315970
155339346894490833
943505722357745
212997720698397911
297292956538511622
863147457615273302
1002419131945515554
962310699402933271
349631090869208668
196387683195553499
834722271208849434
328041905359125655
557743324013844617
492963404818176613
394408364533638155
141948563409423172
194724409998396469
1102032178326581002
535222644037984851
347172863056066929
958256816888797117
76003973341801830
994554180300996164
649076090640135436
229879592796702247
993553488333358845
69312563919704960
698329309578225230
668707590120802755
785627135565120592
873781282239560058
669706665392230655
395217331895438584
821842421305249590
226204515639885130
679582493499058530
766686127337474049
251010645412750098
82478989507645742
649354983827086147
44187598621032406
345389661188228548
668853389774533320
442064686447795380
978075943830341556
402331410353963050
888602047691281547
185153145605246205
1009946109136237054
1040700276209673680
691624302844044150
211938857368437768
885731613831754930
647040898021553499
259231352005276087
363171723758165992
168248101703011205
849250382980524831
78016926007607985
796193228140121773
194839015953224640
619951994682262757
191676079651421617
623547282694742593
71158808344816669
1138455433883840437
1008800199279683428
700408042946901851
918598674478218862
1143181437678675503
971365417465173939
794244620103635219
974252950379825537
1097880984783956550
129987504867757234
538803795712431748
733254739682520909
13140047489820484
847904691861876771
528416717072838686
264206024837178190
313785556387730821
1150988433309014265
107025426575197905
509445540929785913
120725891947376913
561689026719506311
355903142241821324
14001698121122586
624927809408137517
1095572691329046548
274526951941134419
871201488497010596
744870174742995452
9635192538095984
387282903884409758
479545863312237486
1134693367556124375
484873108183360934
467197181296372612
648267200739013504
615730165878584545
910001228250172259
1088668608026935584
48764368301737849
1108439981717781127
1016165928933874094
430524260674796739
399058281341992732
802964613004706453
714170090841227959
188845226325676891
877024812076660702
1134336176087174766
172877611689356722
45216709735341026
551029909602577036
116731876589073065
75192379438975322
44559877347465160
433689190144616807
131874957284958986
538456670845961709
176571914471809626
112788635896708233
966727286334424483
806470813038302447
236242014949160397
7828393413860806
1034887699531523273
461083019670114227
338265058775377631
728745201438048316
259975355259934593
725673600932838629
190081705511946815
493298673828081250
432233039943317819
1101118685219128656
146261757909076637
860946727296268038
209479488205886781
559882198580048217
632316072791422954
591855035679281111
530746450252433353
212270645443308496
273148677482482597
117982342288036779
565877427719877791
374651070734042284
209823596064418583
334213133474883403
292236986831567236
89884573860056094
303206883752759077
254506478944751030
841596249757651738
147617789228474242
916355645155023838
921123699193249852
1031901414790648531
1066741115967105847
369160304029518846
560781881679208030
200975444302834302
511688350964829327
1047250165391176756
164609318544956455
795823124389824303
14868159487395828
1096466235902277599
675231990230020674
1016081694302345433
467740857213770406
874295113720588981
32746446265709547
1046140175282398882
663511895272254075
192681604619676652
761565038497743040
552977495885957933
958541198258830517
322387313230184673
511436521827714774
215717384984888214
442022149175968530
176339973205928389
1044293692712725777
83317691952715960
395889163524066354
301813211743978378
343332659164405049
82112896328959165
208707856850818398
59934293482016354
1009887468477421036
343453340417669861
762208972874281903
188557572958493735
703165510663233895
406534741734107736
677497004254354353
226925193531285531
282000845252719489
373236668341891861
96360187126577047
21362581306471675
378856670959546664
1050818914021628666
47944639076918924
843745579502373617
269505154393944458
770929212365653802
173704513410495896
405581715046987684
860664260586856397
1100127800761776513
293470866857085639
829935321768902214
855827672156163712
576023170606771813
1146411606054026920
528366883747521771
422375712482600858
77197508932728489
242513648518177842
63556696781088673
424142611853047722
191367426842955259
561483405557613027
622944501257231619
735576101543038916
922831087914545401
449344272342868310
646168022365779756
806029499620666598
624598796341470251
32073379610846722
1101478267410978566
678875298584158570
428376627729691837
606014089401579332
715644539810764164
931872308868344640
538242465034721059
1081720483772149109
204156503398089510
190393158614299505
612930292846900124
532217977962411801
630053322449750877
829016903635357128
283441846569232167
513404860381931900
829595493774575318
141362063297558280
788156244638327325
426588458043502383
549391327549559024
355379578418355121
929216548875357194
661022696234113022
240825296777850886
108050857350009582
847082454404086714
815438946194070191
546075526382260175
1030631436309457648
520115207394139707
1012098945260605491
1073544115026990346
75340781020680293
434199832388802320
971549360168686941
585485059544146847
442113733518708776
185613147417984208
713611379737844686
463427803469407261
405064272960675464
703501856102731264
566178642041728986
340738652739965327
333050309047710028
971461067485053427
672187442648070400
75307640684319917
532490261787664166
95377481283456120
299046091414963365
546040955154263263
791116376614863513
747340630271569064
240485801126709956
612264992793420589
217563278450897601
737807055341334457
643791404489671756
141904405059490108
795147791336804244
1096488652389067253
958400818155086657
1031203195788683798
950506342792306507
61267021885664357
345413997991386976
236083436623843943
38691012951892785
348260168780790170
672193238510933886
608364331741443568
101132121026367196
695023142973989545
888494060435557679
1092500108780365447
791873412941381218
682337156110218071
1031650399925657442
256271636384546598
282356849771949277
18443734778029354
715987266722053522
1037210906115088163
420255698216888367
74329632197476605
579099695643109433
6019850042542078
421891962463338512
539077546368887358
694843670640927227
955818243448803510
482923322284428457
370290911225524684
388539488214363290
183457336756413115
625569680725998488
119907138195172375
367356415783269534
1122191620847997466
96835007873619661
556535590898960706
662368417805217405
1014512435386784808
898050975498851916
308304727170872592
989632778727994228
684643895496417838
236948763690228706
677285207918977233
50538642684874343
973126037239209001
701749633485414955
613140508410737302
7225887859710533
792876019222095397
627237363967741730
1000005433386984139
185668163207885137
926737988437284564
310473487048111672
610417245734691512
1042653211188820751
569786582975089436
967105435535699218
127093692853093021
195823555827436471
376740791096293035
583200211080053372
471267389513287820
1087385210809191406
618197085630135287
620076404031613788
908205639989176953
497986762705707602
239156150388851134
117173208105819076
1071585219143494528
895681093480602332
658626500675320988
240296048525838819
858078178099844797
942262533461561667
283089355610323756
923206906289695266
336418493137091390
815502636145690788
95888409942592228
936774182437173884
827086117179615607
331829770603905305
670652921528217147
376884364904452990
1015342893928440373
1030205783608066380
680165693743034358
920188111038819863
428838757205475453
333902720414604588
894805015123815499
329616571058848509
661107911401647923
515715520350796084
471566797338988674
990916780686918295
683349574347658301
15689880272231693
1105582474139407684
952568560194588420
658240050696347215
711130532498317748
109696592086550654
385291742436361387
506473515214813169
270632656103136392
1135286801887797506
552076038230285906
765912299714816857
305345952062788019
618573826675941245
1048383458102269139
463071370964857916
9508177272074533
482344530370792052
863502651612521197
348737713276612887
355900611700144442
353471097090571833
417474194145802591
764746405304959836
653552661654573758
472884417540025286
40235124629051331
1145034341421311009
1128903609821523264
922423826856001783
644367857523932284
27721168825554379
485772260977127368
232911453507734863
567230650387355082
724695105847048422
487753399933438933
289792770101150101
532675356662030068
788365496148890703
396174039137889597
478599745004241103
471898404568329379
182904191764294818
641395789145034090
271169051243251852
270664552212108473
460798861336948553
64892659947288453
475086795970234738
196382845470879890
1068379543833672867
308349636954251722
193767147433692823
867375396778644940
611130394829138805
539552960964692789
1049977018208277468
639802769242069146
142712518440958649
142073176693698293
410384843880036457
1092995500000912617
684704035411002196
776941487441756279
706097818342383415
792687023988346339
732589941983596083
693646017173095579
21356243077571037
743209801078957033
676198356614810954
480883700109917370
840699741698821621
1095788179617450329
986386265997859529
229824278427101201
249364445374415657
372515981402786725
55710578328763420
1002651550694403183
74213952866419088
888744504187378461
881484122340066541
347945978188849554
338703730449460865
21609025580070292
373074789874199942
348692874380080360
1127486759520879726
257710628560892089
17273242665553954
288840369919881210
308703221858734021
205758509546550514
767823768796774043
37692588610840013
250400840030137642
441079911390673368
1035891746258090733
124537798151245096
246516566474789414
1127775129473455189
721014886136429658
465052306576712544
192947176371632113
981849671645967224
563240586700449567
10435042983849722
778239518523448421
35055046165482145
1041473969192631199
604262583264003025
389642529913722072
190070472011991082
1078915502144872545
74785734357717953
983743049846711168
1038025096932334057
171422696933164400
379010147148272293
1135680829302948241
805457580878359936
