1000
372520819505683745
517453410983470347
1054518927350025414
638879955638522848
627766542997185044
417363367687583384
300322482361367636
415630816530607812
24143309767710040
24655056659412655
98817739483391771
1056225059063292202
992793267346381056
1003026960496227967
563525685512914986
867572940905097213
447785467525229051
895319580395665855
864286421356888472
843898802238098343
886947213213074452
303948439592122743
1121576529066487860
709409197995486767
180849816934071094
808696879591026848
607216547700264571
487668038833908337
142140011789716938
313259622206931422
1083916071733973006
889564804341474260
853543892292115246
401396404546802794
833394997142333298
859366040974924374
771299457391554119
125796877104336911
95481780304839412
660651216234972515
421378644896153552
532368185723862153
974226238646111251
585244139811752820
11391058982108037
861229085177947209
115634323090660828
156027519155965589
219510623976531981
53194550027119370
88199809398558315
1087184381945117257
37343853844793537
206610412557282196
948068224746682606
704940688570925650
393036537024148850
1113031516976725626
603424226470609726
676639408361235886
682142901685761004
197142611142287671
62373987654716055
693771513434736083
932615445080677934
459933900484251970
661961170728264900
383002540748042733
567576859027293071
219326500011425909
214782366964185386
339552254485032459
236690561764751590
506775023484577622
1016706276453499754
119284201393155606
472089812003194365
458204041183107177
684393764546588851
736812070981693310
852046154680055544
714426556376598578
1027294353143209797
1035078420080155777
782909937211272340
158588838317048797
495205056823354135
178278269028561980
416617120251059748
1043067843217279570
124884437274898582
807410119179105320
204507846501648805
90342939394295977
36966029192467519
189597975354312111
272575966092036155
792132895928715606
491044975595948280
33526406488893797
568009638268912550
308875945370884413
801880487840663948
534028226386370291
1032576670872021172
579373432631164560
207242438283265153
270140524174159083
964922402206168925
48813627687785892
328465603873657339
469927321019069404
797833488024715663
967006223914195834
1145395085576861638
994610833510980978
368998202269130805
842736562837313895
632929916911180729
869682347077388610
225894299628000445
388546201072639266
1048233450799162357
783695012864284142
670075569105590928
484295250504750265
1068341149013121982
189432951939659803
15644882476896558
758771852479481793
900475947967045538
254887589480902827
688961541897070984
482611775024338863
1106013140322830189
961523303731831471
353625398810129446
960213437256949097
39902094301097707
1142532610891713772
564344164561166310
961448942681498675
853339469248648805
667959648102394496
594209597178634457
334282911904865243
1082415932648653626
271022492235894799
629752955481261183
295215601332779737
409211484246524582
141342747875668055
736817211457363530
718219544249445031
293012959869069496
31965332141631210
713956007515107260
376685058357462553
436666949707347188
824649868561629024
471591946716238775
52999413177297597
813662966943253515
277372921887841107
860767228102822013
1354319387797825
394955672825297701
60224614062419662
345895981207279751
303310896115953224
763508748495131032
885472411108736252
1079706195858406534
1064139769365979364
290266934763311190
22433634996742733
691068910543145416
988464870524537059
35067747349915382
1051198333286371445
759398810464335375
736474246657263960
208002253481350863
32548926659115369
115671227541005717
432479545882099609
155250861835908519
1140264714642230131
138120452475453604
80869953444612305
87504442457060107
699222109103364048
176910875092053574
607889458494717744
677096155645119389
597361170819171919
582600995632614344
82198067143911221
528304912726248125
885930462022413524
93390430675074028
68991269572850387
815915829933461659
183957023959035833
893531287516206175
1054400010089438640
864060552132969329
1005724885227210743
992195329387586997
79407513075569367
338802139254691971
966344735360445882
969161420035441717
938636662912895763
802768654726129799
320145866648042452
887053323941809404
614719636577492633
512026048151849207
876859999839613670
42506520136672537
365798177707051135
765551202946475758
221439789166654876
135526217405866321
770233729320250545
423502122231092526
384380404546926218
1045752743429315913
824803167465679603
358760777284955336
223472236831041167
138192761472390366
657829565933778263
193913731330870608
754396732773349247
847614232908697408
703688555413966645
833633516316628879
568888061126105334
190311802512467813
478449300456635725
9617114378509519
647061588781091862
262945230742146607
984380391183328930
947425107821895062
751119612763049085
919540969754522332
678560049362212849
99946000122554510
9035620544501534
819119144330507620
1027214690446763044
233647744912093674
676787421540381592
769138855656526672
70850997257710738
1095346059921975519
856779191581108145
1082806985613392859
227846559577163799
890766110528298375
233280112074899269
789737945099886170
1067588301875069677
1018560627452535164
425387963941438186
819867579087746642
257381463770267618
347273667293201897
361289094467564732
132719650608603461
212472378172416252
514182170249752095
31419001747306919
315549656638457576
223264122904923975
816723774054078640
565089126683499652
407783767031563142
751905369040065612
253517684182932218
512449016578918244
1057454005487440728
1055443229723614274
916447493912904344
106059244776454993
493212449000260290
902674795111402502
121561983188579746
254689974042501885
693992637818051211
770470695565743519
116458343676312652
1141047969762108938
421414447523339219
247639352236546199
498604171073987710
383474452398027324
374364805334678406
730834494397903473
528220876063476776
30398642968600106
798041826150034331
504529341738536835
1126260361499385669
809949854156412433
396782043404606537
192279220051466630
920665618007903556
8402520401504003
593855890082414319
462711449927914939
555912110747246093
1101322834809527131
113534701982111826
376925510013316787
1027871829475734278
812048065982512425
288540574223480929
994178470112652812
1023962468431267791
74074811276899127
541705891393299074
122040357010701741
103607495509208463
652102839560327200
80228285113000326
959104198502390275
818141193774344267
859911154194182242
1019545448167806378
484773689268521017
324336259603537527
237373821430652016
571780245196381277
437854225073503834
532831883035352566
321651875618979272
454232151660282221
805391847581959056
411195647402327480
129696351911337688
997254533256896518
693546719729717989
370398350502505123
924352337924743071
554621747269660229
995644631462161036
518911393316551587
610692194283955121
941752774094865175
21592715868762387
195261212724927389
654941815945702732
840441836323859604
346936991997652931
876531839357955757
632514496654615554
426996578571203261
1109460313434833567
979765051148414217
46575239983053839
137008816487753251
698012281191737225
621555553438669836
1038197456466952455
1033769800792018644
401252443185438481
1108712286416110040
103150163267274973
143056302423863985
126043861756788095
290282887175784958
934498973570100665
513908274847118649
508406470811589121
1048964387905672922
509459569944467169
358938637748617950
846350197750468848
116731621954820720
18527389919911175
760018832583921019
278026148270423532
747470317039319738
566800755315631609
1072722676640003845
1123653138084930180
353341898311222540
191871663626442686
258411954449717661
342749628295939997
847370684512908725
576694441929405427
106894596711695274
599410821132691537
285042345325358863
464824571748101835
1132206691119932820
127644766695728491
189235553952348006
599878740323202346
423927832646010699
844809337032894346
442172220007891847
913202000093140539
433579143980964549
1019980983632746477
344430777310487768
493121408193058157
549111147361102101
458406216701197843
1099148881198817591
541362835465039816
723291432014189787
970356932444716976
975465024287588234
1015484831136406676
726996605905783365
739195439782796556
79865197564714450
977144134845461121
937073469911234667
181314508533905590
88184532884075436
664962277589741503
664974770914067397
88163150846578526
729770989108665436
61364603507253284
414925909587900025
339223531970449908
740288196881056869
456366373682473741
498985683235739449
335826487146295029
588228891885038371
89846241654886558
979359172781177096
877224764631012769
680825360356071608
538911534127293016
794735112823125572
64823622124026590
19233385696767456
929974707338220063
372541228668216116
640490142636323809
864727858624445733
697575424379010200
67808369963371385
1080865971011124205
71563361955528810
356318567740411316
539313142221078871
259115109775175197
610638976978190079
175200301409359833
643750327654794455
822142609094827011
543039092236077536
293617375830007829
52372715037823995
1019966500002504816
371158351585871702
394133880355413907
293910806745012830
940397606829778369
420829887005760053
722349479130734805
143944225250559095
701393106418620198
796662616220952621
405541104600277244
149703770267576327
1097257572338384951
729255235252178529
497037721942385222
77167652205893639
713020781495065442
68938056063398715
177087079840768844
1141818544131098654
606468490328856681
483451161065365354
366943927922650706
492440102389584041
423722739163503582
570669428082520
583796915588213627
334574628622612335
563400434153268486
861009111276833976
851887259744446603
810859596800762355
570493444782510131
191480058796882120
809521757737031901
299894775161785285
608148306018922236
905485694901594006
138864566376206211
573807489184335212
316765012521521700
343201819136117140
805619489615901058
301289357043518598
428519596669528779
287261984451603940
571122049764573522
1132168548873994343
321588957765666779
511593111789622661
780309345221899628
730469171323719357
704974150577734629
382918734000394096
192421057024073275
577066077996650826
1059322261122399107
45394529128734717
732277136876982413
36368897369220965
623904762111410339
702140006067551234
1083962300779259417
24135749055426674
633886266832654403
367695244749659704
194709868897317661
991287542450019455
28562910472737431
280829074865953905
746410603876498795
99874285620689185
250762779818241550
264871322132610903
909308317677608741
1152319407877194777
1130276952567362076
1119116185734817998
49463684222675192
856838666736259240
642847247408179910
189165496387634368
264322444929314135
273921011235565554
581133943798273580
830166437456961543
168198129473966168
444804990596341345
193941593769320634
694680337931403036
357455447358489124
457666071739283258
1139243460992076373
459097009004134446
821569431958087072
203583976342527928
316005921548139124
671140058890481277
693335539541564947
416751371094859688
948262661316058769
371950737219754721
1102977395075846826
487559198392178814
5680912758524372
905614775753313684
760014474750867015
405956128743939830
545224259804260118
835923000746470814
322982633327031981
694264764811186846
773963867433694656
941861451860624875
157377348803766355
849671278797157520
94916605473630640
769806234305709040
464008639074747649
562157675357913737
689276453667665298
364632913249997561
941625273803560860
989485191398915478
683144652115880381
125919781326783381
620035673811392715
1085857757629154156
771620430501039651
955982395585886658
378396714471839684
166293000305461482
363006630615647855
728064059960500214
485126804077183779
359436965755755341
193691327109083735
755511946388228842
379079733802621896
741432062743807576
649162366604804893
379405852079196694
676139383478345309
126523555071483584
542096674178064316
62312107891232964
143751958319831483
532564836980840948
983409754112461516
1045626406362988859
972105469697444848
775801043281060835
844909640411825889
244752223720655140
658626787262145046
1048113353710470782
295471960638873964
318247483370779296
919615312881527214
141766834901981455
358341199171347901
115020384202816123
240010144215111604
672563705896806943
1091501886446107133
1132870239363856005
1079516664913063962
904928935173968563
352495815748163527
31308146094927183
982909791575505210
289130583897744935
570102366187735886
425632365251253455
745415364366357384
328704970539010503
867128443807857769
391975683765044157
309475446621340237
386985666248987622
11959288125262643
342665233380282626
531686387592852542
614974135033238996
806256592924812049
695458078555343127
355793385597959804
999303599349559182
932345069584601735
618675621593317840
288457480257238807
520630409940719074
648040317765890742
590955503524446085
163155385326449851
553044740981609462
546490934966039191
657827128615930076
539410067416990396
903797755782747845
164556673644944953
7402472417106012
484262126521406977
272830346264139637
31226158444149737
10346272779976162
103543462118460987
981898848617487542
41954279474645875
77618606645242491
226117343886439887
507787517854818630
15427282618924841
1004012548226155065
859815345113165960
309683252336465764
877333865620706205
872299165682847094
929094415577425151
668276648031129895
148177940385409581
672345438626387905
838427068296660018
211639108532191293
415270751593414663
732244916371510350
81696476807163341
752815117484187517
647715344510381884
144793182531063877
764760701906411515
1116259071713303273
927454614902857251
143787722300035013
330365932718692838
284831228675181194
446999121076050005
535426591458653720
86845755980095968
268113033587799370
27836121352147879
176415018358607859
457527592228765733
453190264735183410
235334077473104061
630694853499351060
469951509035835608
213740867735550084
600796401814502118
510292675328398714
548587280222099511
5206528245000471
882732885822577694
65324527531007701
572175795469743130
292323199133554671
763246146336147923
1071365008191047107
993741370042460946
914361180123352741
385909323221058117
324965416292624552
155068209845430740
194182456664503799
1149863140985630127
263769649140402297
731491982463959590
551787875328301275
568953661688275312
572354751591220283
419341769166369795
1127785906043858845
935122557964427783
841421779263865950
870435902172766436
668099135944373704
237455386410313484
89399324606200467
171214824040176150
313039084417564793
791787575654058676
619754526312594310
977930734586689090
926739317015252045
1082274281126724068
343182659024008923
657380042876974346
437702643848120326
774833806388377990
402163010821989179
1098521965138678461
731558281181799623
730677096457250824
1240990923479565
873305792695992688
270182627785969199
1079256246731220415
908035264481573718
60245448079538360
1111421217839627868
834791431322655806
520099807464631315
980883056651748094
933875522107980040
20856041940804306
1124046305501691675
837059792501355281
817377335405385550
365388737371631872
398548052132409874
274599208034282334
1113152561179284821
11538187181868601
772303135383392660
778284377235146988
807417610544199500
593745201142859694
1061445179904560015
812246786019458738
956613180029544918
108969567631787041
1104098405496032814
440145416867354989
581430077285263747
729598693004495470
1085905090693468956
896917628350701320
949770727777788476
510051536615810557
1130846123287004715
140356856501758196
171458100025296466
818274369583497975
194117076398934307
448511408045106631
1046617062390041798
586946498929212973
155221743323325029
462953370835146345
95346196976561800
1098246092707881038
999937622841041751
730670611215304159
1016673224166838914
199872822997109161
1045507895015877158
914185656170421379
179304734207883392
170032385958972989
252747909502403031
1138865363712514906
374597226494762215
757181444763072843
459421463407792803
873903095953269951
692520775821052742
258230490676215500
300320965937616664
858941628482046470
1152087769537533748
1125329245427421417
678800714358524388
741668387069383952
315586730461307086
71942465939052252
595562376640667529
307762091537656769
835906421370980504
115472973059641998
615532448386557257
202634874574502883
999112563601990647
347982230875870880
32366826397151435
183950820324051206
1137206505107058874
1123020191363624513
144104214733079145
472530336816971776
435349350024350170
765476284276195810
538391594313063775
538610510152924126
310270944881903530
903319318532327034
21229827050858883
824831327583427102
738074923326979342
422867892671495182
603733017559229977
549043727514199809
552720584921959247
79153542728905351
238269043185175804
138471948917784805
283273515767013047
391829122275508211
830416225625590046
536112624241964012
284516937227926350
259136130526327135
384804756031101843
987842440186061377
638818751302728760
507496292421165892
1094055209959699566
938914269584691981
234388848067800425
995566178228931953
779955793490694338
1071273186514380225
852864187256852885
615296141341884656
72696477459119802
832455620100002345
685460152535182057
371351636284637576
941774709864678352
664658501998144242
986867744220784680
86454091218917491
896574830141609338
350327370795160681
440695864491524281
669144811731775720
860712878002386756
210396420149478390
582230845031380450
262270191685537373
257379705021272708
345715172934837298
331375134369307485
446075535547152837
1576378229433485
433598090572255011
847276577578754877
1019909573582203627
739882065996770317
935913094274372290
629109232959160638
292834313607651007
193657366175220263
73317886788684273
697109883985191974
713492179151738701
190422308230218259
1013635576621439440
264324192058136803
404603255019897665
121842899526443212
481099384420002706
845281607649816203
789081661953929025
1012685233829776167
346679980904432616
250965548988085875
618561537163194046
856068810165697573
472248231700748258
568972525849431289
827344245743474712
219713322774142549
458720569802953176
378281663911066269
693465606919912401
188294749398930516
202780615950383048
707212434720916662
469015533528796028
719903399130219508
463646685360099026
216515564689363236
597043212241729071
910693895633525466
715825137564844668
678627275710448560
439519192669093790
742795173774144153
410327964270676076
351044985286017489
85558870657237512
668311481168375220
194491005115444720
995536509954377059
479484319667824382
727718846712430204
912193796065143091
273590185389152472
642588960564803153
1137215092270676030
616327053728627137
957475366074092367
658733943400541740
789383960864171522
372544593473901190
223264618352871996
776612590326065467
676020333877822
337007029224178700
402920069838806127
359575195840231292
672377040429936399
757918133829512089
836515524861201093
953017772053790330
96502725010447610
405631963146618259
587930915742358534
854592502786921739
470986068545461391
348571550585530523
745893430278111796
678729737500549297
206642589338142503
694844039036716323
1133994417974584293
910094291792070825
916612870724347173
772572417536910926
204744153234466005
108744868135548731
267810426909746393
667433317582928021
954511065963181232
670650399729462186
950721810381534574
744199302887599395
323260550899973767
107467050782672243
324975487759642698
366787532756623478
252568986163720842
204060382791893382
926366356049729449
349140800973334597
