1000
157077534599001584
806658788780928633
969834334012829979
21218826003136637
236746857239029111
304159377587524329
463147754727778490
690025228673387792
1128569597224417651
228157194313182384
711369767872823155
232987289079655826
714641495615031578
852216301126588407
95465223162130456
745258997976004497
669961368308439064
1074356463546558422
810783781509851496
1134647492846660193
858727115223851491
606799915921610576
828812592670275816
927398233908971651
877556724321269483
366852363037891456
68546307128123088
670567673087287940
768057919512990593
188037164452344445
342064430258813364
887862172431947781
692390524470005896
329755655800988532
686210240084280453
287339633050966312
374382728717104905
759386893434628732
679474910634649162
453341726128035929
142931197476923567
1132017495843543638
1045377351245853939
771690666551422311
536589363953976494
959798969969719425
413739655646812581
442772119745271726
529174197638401311
223845560031577076
1079759452976048353
363696575203923346
1102537604578346122
1050890573805382811
720579059193025581
339782012734285191
342961453927657425
728691295972297703
942403713833916657
880393173638812077
306928297329760881
269528260224196675
655422376612503469
246068293567139097
968462241918702734
759681639793987712
1142030838267155096
21807974014454711
46809162318667533
353673594268693438
345733592960218885
1097853885276486620
676289160665327924
763155616845405893
436426440240799794
1108848816005354574
224907690771150596
688889918126823067
320557957206946417
771590180892785091
148763836625910921
513742671369503310
889027866704567532
350278817410889190
489066535041615505
284965469068093952
299471046132128548
460637134825394532
387834867846069008
410106594607997710
982814677327495030
325020936501912900
1058876197055820669
141029280708714657
349189810395331055
210922341157710181
902895651209487142
863354127648978851
456796154218251762
418656394377581078
589248887614526225
561544195773805009
960341993708541931
259259022465650185
44641397916794096
346456318381338695
900819323552272164
710520078038641232
967198706088970215
1046124659078689975
1064891610300101271
559879952321209676
117554560383595465
341501894760051354
1025171386672690428
173949053131866627
908651349953972948
111633743628006243
803607805172730193
443491507000735547
886191494443683618
712046256586937719
27916958577612053
759617447079176562
25405794572853644
1120381519582352719
158595557391788840
702415117627537229
844864605854103840
1049450052622660052
132431828630280869
32311475634351394
73369454869675366
832176948563772891
1065483099647696180
878791992452724394
730409228677087849
977153773659318526
764931848985230710
194023828819964351
761762440140644169
480013215132578074
352173836813572216
1056769378329298932
32441918926198246
105879214769503011
45891306053466856
391778389615196193
47408154235529262
1134068072849654099
394760472056172844
165041241316105929
816416914857253151
994612101110306519
402300062280715084
137730099660143594
137189502095173947
167780190229297347
870296103384996808
245470320012812348
557074243025546575
937988584045138752
584621871811162376
367201625825565941
381575162419719743
191467316914231498
839344434125739843
963562490775370375
572807553493185528
501721974065122616
835620341370434156
1131569650802227157
707534452829851946
880541877830716247
342010295111805135
988354037027793689
269214836764482435
583126604701824922
360868837558457938
509878832479946823
676089269100439965
222647068968583840
542041367195853184
639853147361520949
189226844298117011
817356702224031788
229350392953347004
790871616301579465
195752756622986616
752430279064231005
1014613417168814463
179847437428005600
653016572632522665
397149713216581954
101765245700064920
842942939056772554
419856479376038075
684913352333024552
263807780917324654
748760012624846489
180773753753933040
244357361472842368
737577318078644232
644566548178146059
161361127599833672
684328493568417215
552667363542855271
763338356937782204
446680052382216889
390693140140163067
1092389419501607179
708393892181497154
852634534756502423
607694374523770611
39072671989057927
124477721534751841
1097953948479505635
508489313319569128
688702079074185782
744715718605113366
891770222922431640
1004914177274406128
759382333133219286
1068445208636398511
867199558047677029
851830343399440493
714034218437114976
709557165643280925
977011381321576090
592742844065054254
1034923481007572571
906042232097907776
204592174999727295
333448350075168976
184708754576550315
937247073308362421
498261011293967463
1092037474562413859
252146868995638631
874961822822921491
190245760349017157
654722694898181606
178269885242426274
125419949683624855
332370521091132016
667692543671684518
905632114261230185
5696512159504617
776764102424277009
437230245364953977
1033012988722434145
381023123819465085
143517833953438789
325505408461600491
936715266922667896
782725251919521862
1147106265545720990
473316710276619685
1094759004844859344
669938773081773097
910938705068824682
624307739394058853
232158376078476606
205340278753461963
353284927877198239
321276642292559192
36208784396003013
779721513503808057
265370110090895385
200285076243587362
58983013504619662
507077018545235435
439888780687750706
187361179999225502
431469566116982173
1086782308209489443
831619501344464826
307959258804985335
465621275839783003
1068594723324352113
334641538068571319
712754545890652842
258568199174034836
2319112938912675
1119943561990940627
355778647845525139
594027705006196518
682697349545599910
942268820835580159
61090210726419540
843564450188941189
1071237046201428446
381853500412427239
572222444978765025
725438308425773162
144224912962894808
39241044953542517
237844214075221790
565429028400522922
375006422264714505
747471321983701420
28848725859890141
823796386293101401
772922524154679714
119941378394759753
1065457121746701573
566012109479280147
430274894880259999
787488157762400413
462737540057150142
132474971072602536
876942245509502367
8209489419390131
976624535119650265
22102944700356570
523775171087880976
1098779594721366048
1088264023245322506
360364770746347263
853474316780768849
192909311923216097
898298396292555241
362891926270517804
67017002520105357
460532021611165880
1004753189605718035
793930510610312004
324404026775758360
1087608263758985422
857033844426549341
280287592872157527
629245703329151893
306601039971020995
1129981493542105561
567273694165710938
413286902459745605
78435028669522550
567176901263926712
246728042540571383
175166594388823089
676050932525951892
671167884424377864
538618617720940176
1035787683551692236
686620037297834555
447927574532094979
1000468269161027844
1043664861335458510
364036119511034605
505596809737126469
295343410878026611
1127695315748821371
1051047975952908497
443937083377668121
338015218489891763
257146623155577143
637264716849613896
459454398840732657
775379433651098861
864889915035727287
282680412145544474
699453916385205849
375160277004580412
753339933185321048
771214251307514106
1072929256682906981
656749773084608450
986007790814745941
85278110609585573
1149213380006305556
218526603730456950
82414285533366975
291109616677274108
210586614283665257
512394545864198278
479439870357873951
1405570448156726
379687661620174337
111415186066412424
877655782482433155
595118430479337325
455941443308667085
165519212241602553
677784100440809882
34500199174083421
810823127310413607
857252183003603744
257200156726550560
128076375296523275
53512132310596851
149517361372391742
384354997140818268
339285422187733403
485733325824906932
924563528943392531
169476757763472016
1031467265243920761
470400148756599732
579566296726645968
592102123620962345
1137607577029319788
152968086322983148
918926890152544548
75036630574310538
373570034616949431
693908615028440991
379763547036635941
543489950229877562
520392947488872975
773412566411702420
927549173032188470
144285193891290705
152450125251711726
250498521853636540
222213092564982563
259166266642750792
249862602896373407
1112403810569168991
829451324158959153
767772879119617856
253177117597484381
376739676372527586
184998632292520362
1118569544811924826
293111433368316144
391984636283570276
596149702000409885
417942694650751210
194034626770000476
1054997172048192963
893628407193722431
19074379677005951
955896575168324530
778694730719178701
694239799047655672
549405089810633001
488730930176739197
384478128715385850
937082244806469271
1120339535600114206
609494076271363703
123635046578869625
705623414050722827
647608994193778123
700497962438510044
1036923260632062997
16521090661331735
840646418890076030
946261454576136907
933868187301932137
614491419768751872
383534444975031875
930068674604179896
391006867612163647
49637081699648546
494470952288861720
353413813882885295
64911155508804834
537954672447392781
570627881265371074
461729366907852780
708522199879250214
493190430926061384
644088984844669351
599799133255665368
530399621987337787
51220992732562667
318334343701198600
1135197081840828811
1131078431971813184
1045608472183855740
228369090423020584
859570382272415930
482321249354218777
1089003501722803732
711997488904900885
169108367979646199
128793418549883947
175115292798997868
122466275729429172
1072915956560456584
832793021339360588
1108944711857477946
566789900804465599
732142391100422311
583912506504598469
783270676103541507
402787725620138563
520432999671634060
128242579798874029
709157530216557844
1025454334426923709
837317104652570472
288292642213958537
993340800412221774
417295291338085741
768594677850737480
1094290349985328851
1060214358560350574
179320599594915650
222459460179488128
258976842522647830
324134667057594386
346202665810586090
84561984385115247
266161273805237507
1139953923679626876
1132712226704836522
645019687631638823
1032626527570157303
1029281732916774865
1087469135236517443
844984269340036511
333566816553163233
734008383486474237
583027256795322543
334680022235584281
197412337755649257
1048763204625490542
169516556691603955
57782397717345540
346843319890502825
424638605562491050
899342605073935789
337447093338049732
707890395134672788
527365174516632579
892458189237813610
1037643812375807082
223128154111120758
452582332483685307
192659502126055574
800577001951555881
874349954390011076
949511150946638448
153644551205568913
576483381660201794
560016566954484627
824972108478270402
175007209328391151
126710043925879706
539157291336181539
841823705562041398
333295650072199638
217045349579298848
250219218703019448
175817177493621727
1130065812158282384
58560299535615570
954209102298418527
1027283077251324370
1070102087985645368
1107025343463295602
141427908332209308
1069444498779814643
742225115493454311
819759071882663139
993117067263854541
628736597348991452
22195405487086488
457579366442331801
1010993032622766856
422697506599213555
55942884321649178
216163454034451014
234043867397658366
143271514235015718
23142751038394950
220091325252043614
712544171081249935
630984407638719549
814498702408511430
1085879111398213263
1010713391919355432
133957494468825650
172361884638611116
722480797966627
693248015031500281
34258903434630053
289708747888721917
699186153067682585
377416207333933064
1043513136226387288
176067628072332756
597115836689784214
16301431727779264
737691128323410137
718114652811372303
1085162398634423050
79098001140382620
419636498633195749
380773610648122118
532136158257629108
1089647974108312567
67278889497023562
405317655352282752
1145664081919124085
1061125937821753141
295327537424877859
36182203748693500
402584707127240182
1020876202567183366
1000080611153321148
490766619779228562
764783411526559291
504433828174444164
1099296527677203244
901814766770525352
282031381611475030
453326400574373178
426385742538740444
17195509168355041
973002064054826241
672972201418992124
441717199222769046
522615488419670172
668853752726265440
834626137705912690
626527398543444434
587015379265526947
785121533757891018
1146216517671314832
223201763116712169
1002130228543370093
899089033052270449
303622758694676584
64879717235714503
209788614193605569
491061579510956521
208827548647564783
820028044724844699
911212885168182932
1021212473481727995
574960625148357431
179493975209156652
819363289964820603
65902161599489841
617893977555948246
959823728464486544
90916326740731189
387340910036253244
390505429636794268
288704546893949793
1002253770191973361
116848330588278953
174203144932245834
724021900045000419
964346855377809578
672205532199248773
461373393288952252
658464362255654633
404689794846599162
1130386700909307152
1060110195045793544
141925563604773517
74225286184996564
307342261863251838
596164183644526425
187734292779857610
823806634504739569
572850628371302095
737413867172796592
186338191911322491
496069919702554377
1118620014306863739
99742740189553498
876488650338899565
97752977197240515
983701754063756488
930254615646717689
1002527747712396482
346839683356996485
407901931439562936
119373300168970320
947529590528975613
70931302805596731
736207078213503023
189830414450092099
518159662480853727
350441478830411851
149444520440107318
1023072854224051165
565149305924119442
533957512202213196
862224498975140011
348943787568211140
962276350438236707
200665033930512561
711632084582327054
787392602044532334
731142686523855143
569712460774764148
488535393026863274
844398902289363487
36317853978336155
448173763905115617
865313253814454323
612833405217093647
248553083822673397
111454396765962181
4796795975317637
758280300511473118
826731866037107354
1117353905797957600
224044970387168348
614074866575756905
758506844579533493
882735460975432906
10273767917371552
613277546883153087
567525358983418943
673707384723820021
135434985475709626
882303382137737549
1000491944252769763
681046034996601269
996726170174349457
989939645687920736
790162201058384278
84791511958122813
498970974768818971
88406599983766030
497282683956982263
455796762843834950
76009247680894720
955611702541823522
418950402357974486
725463451761449863
117788579002882041
91377681931804655
932340386582248225
776416130994594517
387972199921866423
456039910821106434
381636496887989909
939908848335431885
211239192639204006
694542666186543185
288461879664386935
1025882169654147679
741058936867490383
38397444881490172
706839370097335211
921475707092157355
209511294448921834
556775474525169433
810423259197630953
392819517399601177
684161947210321654
621493290603311045
356233891236370960
976393447562296999
152978693900295737
724817233040759800
237614963956315136
460292888207017650
1110237980412484488
673297221403287047
804574545959364
656836051474371351
931152433568167110
292978409637360870
534557822657510647
27857585815324825
512447760973574777
997919116510692806
469465597134988587
460640248540131524
207412626912970657
873460138382469932
1043673394741964494
521328174632781916
514815585025423660
1077394001268322578
332183815659880378
437157938763096661
939129617962869753
431065269460330044
850191902547043110
970477343587519796
12801080209364783
312151367413602617
580676413384714298
1017636683725530773
198135300791109510
870346109944209988
19172991067906054
954903607729806153
423470309783345858
962009465103837871
1039852087337426500
138002081389047848
582451989058651469
743516610606692095
110291882907220903
89222121282804179
898230175402799158
403412388762080646
681337545704267858
367030363594866663
545401892575624368
388094634517485639
847324326478249558
1898578835937366
769141004657418714
711163993500407136
799857985960295675
714486371099480727
1139586120932774465
317062339869528969
80419102799772456
880799136899282768
121717807106170196
2691020565551652
102036664821002529
359358642423217933
188310523031739697
114065091383448060
283163237748867285
1103067822357953195
973084624201050240
785852024084441417
800887908148629511
104010094586601080
83321483796693827
449808526489718165
929616797252038581
637959221784386697
165905579673251150
1021579678439419632
805206640751234623
927985785785102177
41755752645726379
374530525055975363
1128825585811047488
306589406621182377
840768216254760582
181514429137940567
965911863529005954
19575268414332112
1094474075812910798
345173088699943878
856259274999343853
224724721609538877
663705600837237116
30140645461991820
464124429537866714
196539626470890865
1062220833410414882
281899595283746882
414843328485960314
31801722487313352
1054800621147704668
151706586152100358
275769333417672606
836056674124719479
33348386025338248
1097819050220417161
1107927992130053977
674949981438939222
634090677548410619
275072639171294358
708842979626200828
700896532486217291
408816926743541254
975272311602276616
2568685365336734
787893453625998744
753467168380210878
731329449432636436
1050872352008295094
648900040136433203
468666500957111222
527873053225259024
895380797714900866
946210957597752256
922467198735907263
616192819286875461
592763621182088581
584003210668314982
892265751190032442
1093056877488355120
105924280785800692
360396758191983871
723874466458775938
397281224633594297
347794295627280555
259475639614037103
175408687372037218
65508288003765805
1139974573985215097
818227367310430196
543379298099208814
549299002113925316
648918127311612425
901235692205724643
23939244960254937
464573135047064830
32693293723236326
896753169933832131
397331991667088677
1044276454485304543
904407061544534989
487947090374828343
1121976231068889341
148404131018892811
366624461261017921
138598516206443338
935669776152623433
1034247436899450232
435339271037529145
254121414648940855
701720088159015372
118679545385319932
441997389295881484
1123433768493181160
633872216464321570
868363222155083204
720791479112020187
332544500711046532
163742523541991280
938398758758590515
1033305521414043619
677425542042613317
152515985104921824
596421337246869444
1060933332869173002
667026997733692517
299047342803019396
1001393290838771403
738678974613725494
1025457646905305156
195125106024747040
823903392367059028
403228284873015843
862820691724665365
639067135793722670
964487461962493086
174277006357478872
1106421131652174644
1095500043195079332
842904569290719964
892032784477911773
876477727396254816
320070261305304338
176019440078859536
423598245105737219
1054691768355642072
568526542643954999
603300270931046999
266472988387540917
325735985224885438
996804514879387341
36505365774528805
368955528716700340
1005536368988932259
935771258251159669
912906266560350432
961995359467744572
158630451347400028
860707071922259940
643279327590588874
1032335414364870097
1054250246598790775
1053200617753586042
314287408915072092
3099403764777669
127022941389375651
283095558844424108
1012247465101379070
309954280365727293
1019181281274167940
292172182310524990
756767765378586032
301069914830082308
839540519326415
1096920399264860134
905706060838849836
853049516713459014
667910098226304535
398058436124389300
1145954298654699237
981279697020172117
506030544100693958
721358218954925097
824772711975040545
428619473387515396
485226008891419769
978706465712207905
867333896324946117
829419225098826141
554428823027631170
712364785313440574
842760552829950232
714521602046366929
949414770487906235
299172196813851970
694856107580527324
600659248113836395
312618523700186693
