1000
584837967649677044
1099417137681415384
494265005667946333
682376742599527269
347050201109711109
37702149776380592
838105184510686055
399796757139658491
826660975799418405
52597185233309841
75622352961874797
1058324384351810707
643233006746727456
40145113600912742
732072443961094467
1043504619509789536
425906755805014666
143901066662022257
299774236894795156
248391463985665652
844981789898764526
768453944143861966
766732722068127014
283562006668881810
325611091003941513
1035165300918293132
744542666716013765
671710070687864734
572052072769202264
51969761710334669
900243467782668692
230693710009269882
234388278778403484
964093964339805861
299271898833410258
519400129430139395
1084034757255121306
158171284915471403
280802400264319193
737762046280542033
1123579550801977390
419359696603758132
118247950543531599
797996760030207054
4797130078320010
664800416904310910
414942963637813403
185534961336138718
498290503692315078
1082998732899831801
803231761015401746
134601959359795656
727007161698552838
828299433762015360
394842608566079791
43626284662073773
639726691678994507
357156401702715490
34354646585063304
380185351503776472
605909936445272460
93613668707555395
744589218537291564
438568270137740373
135492841753578180
946562385976383085
792732254639344973
1100545421482256690
296782852797781480
816564575389585319
344736994435843719
1135199402938767655
772130994799213109
588546899208127596
24770980065480869
677143821410198302
123884312159243722
237828949499285036
302285844217986717
371297296023294928
903453803472921339
262097248016586884
1104848623169650184
298349260685549219
107001551179725134
324148106490547175
469057432089318353
184402901656835649
321637308913373325
241480199861470610
328461916017614195
1139383951497040212
227811750947746151
373488331633470458
60382383731150065
221534791446943949
1019089476428460771
813259159714938683
578945508004662874
433727687026720209
817531826524005538
230993972143980591
131418049002215133
720886254989682302
306630220941672150
394326928844814554
705905315912676731
1138440427968781340
582491572868023163
20965533696062503
344876988421840450
467243153322627480
839811543830579648
192356409551080862
1040580977219900458
1112435958399479515
530350537849038369
362262577476429346
130433729602879153
33097501748357403
690070247717230178
1085548764094738623
204651143119713480
118404531610552151
702358680698198306
593863207419382442
787329982832151699
415588409000818414
406002773982438031
531216332690519739
258924608692684846
781277065145390576
101723581909601645
113347690053038361
473417649947297351
29040249666218940
320982723158659120
1137468086752781434
648002285384753362
225452436767576929
477397237771682001
37786543316704657
1042180451566711187
669299347550651074
1140243833272045875
788268590684040540
703566730413899773
465755300045996811
668609903311898579
777814256421620972
1138237121279096519
901440346019598950
884317004709411147
354205955316775867
386885545646721388
67628047680824460
1009805261090977984
298333116037100174
1018989097766770499
960103955970812367
547851907355630786
461516719272693399
601308598479755426
309651399672324796
259059884384849731
573333840709493119
1081025836030513500
1040708142206309668
519433089733881771
98080583177709754
272351825436201456
43594756201953036
596237180383624287
801641810906803946
958046100655674957
31498103476346145
1076584189464401960
314593252761220256
1001703071028820065
1113192178384129335
1011873491843138678
343569360620422994
214587116845729094
336304029140786999
300551072131204825
163987662157876745
140529186848743479
238599338112265394
671194332061802064
878201003095526298
991432415844538791
525998678415558147
404409661457041095
366174266955610936
368737426297781204
803209362959820787
283063657120007346
157205013641444675
574751092115007373
136081075760354375
1060030209607734545
1067936270809084050
596081771664465973
113966293492181661
675788386801306462
873291685503150972
397211043132088878
812531075366631977
270573410788383796
807357837127079044
222880115579141038
229612201643302513
711150113966825807
592616153117973235
190894317819413934
368884060101321607
651424855608985755
640393387511208029
614326920082465888
883033389871114554
460108150604234879
815667205141895707
638202584327378619
698510841893087489
806784468099698513
1058569850899945484
748722606818627698
219186172870605407
492889798408552449
820759846835264366
134846101816407748
975709741514261298
1074351952584026701
393194771302059523
900158064727585231
348280743062094521
1109301783057095377
1135562103238589740
324073692349055874
72398938127345474
125254487828589808
1114215345338712870
967504122214365534
726482558970880515
264886747627573206
334351071752545285
751482237860917402
917428766232845685
695687018528458020
1132038655687258848
1057415699669815476
99257325449219122
410366276466677353
988403162686410910
592297890628138289
339424195888851986
892501503631347949
982147564978016382
1059157202451102852
265773630759728606
18762462769389554
126373476373674972
180059953044808071
775901336389350680
739392673991915794
69943794980855110
863570968942321127
580060985323397683
161364095483234293
792481094031888195
653328213862978475
176595340171164605
857409130845440428
382546536455040382
820718484076261558
394758480669704309
646655216691363298
47666078497563649
270674822831574914
997146258368447925
394892753666040287
589005253338927974
1092643378937103966
279638091080751319
11839434421105051
630912373950400370
311906101603188155
313666008778660778
435606208543725331
446398855371492036
454618346206322900
1142267215448866939
439238114061462018
149863206700783679
195380606987167397
1112286304235530096
1091152796117969116
160577690462359144
399024426678055812
641122451707724022
38371406032515700
784375844456841127
480783518321515469
1066902603802140484
1019648172531482052
883188027700652935
973840466128690546
911151676863129280
82960448793141690
218765340168363572
893354690670700087
625529765638307699
795356121288045425
850077123731019539
657575650460729403
554424202093269851
374561067306480208
255450872829874836
1010911185419671092
214269668223396306
583464429254557218
337019620865021934
493944443115161828
444950701972980694
1129236470350417323
626015638838605412
559531274270079695
811592338024880093
374206310461291535
569907386592874229
898222136989609939
447595541798864285
651081232488682389
111380619436215228
582596907096260894
824404583758974676
710552949963670462
276285771518422685
234821604550273324
649705258688201080
562959088699021729
52660397405315100
608703626406236157
830388930195912066
69334095450122841
132923473105695373
624429249373099055
1083802677457837132
341532029109459697
728951566752728146
1068328785046415527
209070320764964065
674259136505114013
605800372747998387
1142285371851466671
289126619328379927
865299225170726811
610477587866414051
55596003393731061
671811090097255448
1046568163936286259
244433860653043761
526386972997684720
774976587100009361
136365168902964110
230631813183017200
893650233907377206
633552270163998467
877804927636631890
1092085455660758595
999811557334692556
352819995838962046
672038151088483683
1110248551584626726
745132586172552024
852477056893135157
56614717813005869
483050734193638102
809892232449772791
130500540298694907
254826519903226677
615884789402688799
632381388849064482
248172768091854451
318789076143229281
144880396472152683
978034015420004465
723208296923748221
1117877133278337406
1096731669697051685
321318367446401421
267249898503454285
286148248720707418
824841269909316884
850310640847264520
571314640967419613
101374314068290140
944125076964296589
718438448067038992
153297330741857536
993699947816587012
343051809155752238
320307606323102235
978474510820774385
1119598898607130234
977428259463032114
612854781022824132
732213219197203130
800577518664627942
680896453136360076
258954471797854040
763442605956873553
8160455821241876
236701650890798119
608553145643972057
776970790548726519
909032303493770628
839903773757047575
495933478202887945
95044554662084845
386591027597014360
823873456395424737
771328068668185955
1053679754420096615
523006454153989880
1027033686512982850
547516416494926025
247648763712487875
490265552132968100
969908953047632145
531589291238422983
249857762114656433
364104377678695414
509368578712023429
129894447915598126
540592644274924306
527300182045657243
437440285145406725
787679517776910461
32264321568594203
575477207303952213
398453224632738236
490884996755031221
793854263372479748
586565588400454956
179663974375310689
995646956077595772
633620452422041541
349822932194153897
177858755262420348
171090861419231528
475284387036693269
1035899899477634670
1111078333258589042
851054959329611013
594115331141698720
576596339696473714
181473295732739620
1113769595769553263
649302125032901926
670849737534632151
110125991893143068
274910243033117419
330387339905279860
202757367236373018
431145054013752513
156338774611045660
471365430967398151
206219078473985131
356495482014558609
451312079307783545
370216732599401870
164526971047819026
746581906877169568
737143713156648769
69785153298912854
285819350322061952
499233994774143912
492780215911281467
680013867324357424
1022976864827908489
812748486473356570
235091237487228998
22323317688204390
175444143821588184
974346189451867198
453357907460646392
1024088949078838241
492191274632519232
192540882061878577
183329000542676301
93889091041197086
1098123517673698603
1109184787763050355
416721467303963764
167132790707925570
776657573698830746
733584808819834007
392980178919969780
412138196047942466
777784658956322083
257921161411815728
1049541281233096737
286577338284700928
680083928365933580
33792077255095656
215611243007663364
989497215106683939
781712894248895940
193878856421950165
126571042259749077
922682784788737045
784201644307428368
561279530674037222
206547584507385398
386331579725747538
409504394979898661
839179477295900566
953179290163831135
113476650227576689
1062228328990939971
1026006605310054957
565213191750147317
185623484208661545
818920290674194552
665786796598437214
1101477025771601176
43359890771612790
1006866234155815079
111292898040531802
981536145960642692
811260568909599047
1092464544097834508
126289283019112830
490042439594535455
116958587851862151
1057060226722650400
574084339205219171
671312715249355657
674497021729760146
87939991165748133
896461734163274339
334450259244148260
713595200911729230
20485161356649511
819811537058394996
601973513611636252
338845539123085820
968225260288276934
946870148933385752
913108566124192938
737444060938574338
561517322964254127
343804826974711761
265413675971136554
390192074123437346
1126805212615880051
36159349000114237
752725662631550465
585773787544697055
370231640338693347
147992888823183916
676904605467948056
880721685661841634
286424537966790286
221640362584773353
907895242383163423
269711129781691414
359179650284723786
852860998741967029
531521507935585643
581586592105374173
977199898491969102
172826284508897298
735391970957744537
356475066330147993
789132752874665720
130785205664006152
349368813786807566
134212456756118658
186409011352206184
859151262568571007
262401645393576282
110741568791076372
681409194696383305
625313205791746057
492748459115376572
1086023274043050756
425672126239033407
891728386503448739
490864007263788912
1034011510961910202
378226122604000895
730509384489564072
688183711076415757
1088843939484942618
225687019932548556
172293133777135103
741499325596432284
1092936718924256973
765597765162402133
287515605753568033
904322221314481860
735284545793853364
587794497978811399
16367126348843692
792007003475225065
1044747048833366464
285442473376828284
501462494680707971
661637329483760426
1106311227721665872
224015264291984637
308510436868674795
936742250224316715
1004156026721589838
961918195406094568
1126069847877168761
143782985384698096
246391640848607843
679288175156478063
1137036225191063108
165835385187915120
241047231093620873
1070253770810830162
288419538443754127
310589968697216144
844880043670783691
625856868342636793
163254395823670849
347387324582408644
757535686670629753
910356614730339936
812586734373731099
746686737082846165
242166110879708981
657109870520083406
446429596600984703
96842173467190348
520784087212144799
1106068934897993188
731437851440773248
366695786910698059
450440097189018798
559382912633324684
322040008627505291
1035330750472615395
119008459377178321
936893430488466361
509304675388188980
1039532334424701269
687932967976475991
856503947537818853
300010983194767701
545785460084584181
51863504617058148
361933619430514534
829711379335278618
606312093986014165
184329472793477334
157787185198898650
753141739308388772
923563664464992541
920971803828733314
1037626806492456094
400105763195431569
91100953219818871
697603596914179371
856980578941538470
353387866646560424
670373258654516696
149861613855123359
147504697186989446
911880766708961994
1059500703397568606
4663167025232961
1072030045132976286
1041321348164175642
842992144987582949
683918954418262544
405101227843960208
513729817160016516
239875203821061696
979972590428625544
570602061209948894
383595035860284431
764720165156976160
830477935863939647
445816682931797293
1140847253963880134
675030460557358150
335229504199556566
661508667295541289
116925284453888749
1056099151141353861
799047691970067022
445077954706693822
849598847183905935
959081219855598068
123951503836689589
802433259661893311
13326757156961221
131462970778764646
712701734968639366
638186101935598289
639724538198400384
1152418463621710113
365274692869506515
610160638086944150
216664781108671509
750044956145796682
346316526404414211
710488962626793140
755713454742269077
644046687687629349
414818192831126745
338663507859591277
163007177509610535
839479125920570028
49591531175815191
1118172032936846131
637790031442555009
828649345131130285
609388682163706942
1078837237573422192
875345773388249481
902836986070818759
1109580443778782170
925840345287728843
504471065881304851
499104511930139263
499247731385031015
908698155874147702
128013829925529799
49844540868240096
133552718579296749
83055472521301061
283710943868446353
421583902443786222
1041385794062668598
870037830304075159
961547717619429713
865300032180241813
436160805889626908
620470514670086676
414147957254436015
1142470147861408816
240144714045721592
105432842311599164
1049657811139534591
809148449236570641
461196924504544656
940684754648318620
1130046955881279054
279966421881690577
11206527762208891
801067812781552169
487492203712441037
782980367628666574
355083480090195356
912352969701986711
710751967508427003
996673170287076860
23217728305054098
379378799685141521
148004029152280591
981654794810430529
750885001580627645
521197086069706938
625762545561047396
125832874438342606
573929039071562548
164589079872496395
876806287888452370
344055049485287711
912845066402039244
360253781586746968
835754522215233313
752642940484559335
113815943515832767
959753648322905332
783842743806373694
480915915385878270
332070510988207637
279608179156497948
407748802440851099
860278948279070983
706776723412997909
827431099926468321
474923282350160547
870064248912606603
528186731285105090
1040098480255691814
1028317267718924633
642548903485487314
179748596590868645
808980869517596537
560036179779149188
483782785546769404
453245646537371580
330976414869054318
750039498555617663
1120497180703769073
468227537410970666
732266638854211833
466513591350518729
285183100402902719
176555328762689192
454521138771795648
434592071287784944
734088372381987362
155915358333611642
774832611933690984
818443469516980088
1076182856286548754
829287364149393556
4156569663924627
725339193814316341
492118083856144088
418837397568090991
267303708296064633
512166348423420991
614198664547015688
939767427343027881
666107539908176353
446041427776526461
836525786807444257
713306467091413410
803284422494800328
585613530006966108
916577806568625368
1042664914419579413
365023009843088703
145766610146774673
149229324088406682
503605062538099585
891500996357488826
381897486285826879
714404079031132675
499572591337207339
1132818694790627553
666963857192026078
364369235622968428
228608725393375250
821619637722549699
376084145773333988
289921802823542233
903830100680820045
119614596546461430
727280471198181808
650154529097083664
1025711047928007177
624933893811703481
365625606565288682
784139288295288706
700338680963504527
43713134170136908
67994596008018636
297661361593197945
332529396304985515
511825066230531135
454713044445959122
201807823329557474
987321893409168760
185235636329345800
100399429764480656
431844420852409447
425902662956252309
311829083512150116
623279773803391808
582297033496438399
1024811747589126144
421969327627688768
28361253562491715
469379532276586747
51119966955887897
609065260642717471
644170128753334335
295429835044292396
652072420846114632
658205719198845933
12661119821293549
267600216553361931
97733523652899098
1115378394158129856
601644727017011542
700164462787634220
153254466040630981
643126669134928327
555852280346250338
982467605863804588
63853692043424299
250916072601599729
542500840942771312
345599749629253035
488955831287439228
466886212704049534
150593022668418195
152837267466682197
407804755673261342
794705668978967787
961140979271639275
14173835184740084
149389008485549176
1043828345529653783
855030092744639947
600325336245408422
744798736237849558
576737733078749690
435670357725213096
761329543812520160
104920082880625255
972992509976429605
706563567859809818
64530340284360929
248353740979198425
622934948671829490
45847425970339487
540703541340308695
571738144448695353
678124188830274854
1079841725884964215
350907320796156015
121597175587645343
495049602917059277
957263039611160901
216606892017468480
73164189025644538
1138049929606649001
242342409304059960
148165021137626871
745872075859693492
198666109629609942
1051969341132963425
306556923177488548
1014367146116512271
1110109694859243109
549143978453125132
492925184529103507
869408778989096663
722606614433240136
1106890916290216973
148677462376356815
33932595263599964
551003644247999390
338193569900954678
1016917810422896888
267506122150211495
939450023399738580
262343887882978308
680470128411329134
423136271338295575
1107178569221471281
467293241334363883
356644687515770501
715650297836133961
132011515952333322
917097901125201206
573402028380781529
973847163334289329
805023791589508709
1088377077595296939
581462317704115132
954896020928604247
500973832819432382
226181225713368352
154394124445589743
97012352745595080
699726473267749936
188278876314214521
782701465200536406
788286176207409074
52902596968686749
809691306039510419
99479109933266536
1057418430331110943
853073274133767284
173025432130203889
552708753269041112
494380425173658197
825890175871520499
1034781034435882969
19876243689652234
521131857565705234
361004993273409616
129283423090623601
418138313352010101
607961156948418320
256435677956058764
269252545225093246
488889379293902667
123091352241478255
228074797951131993
837181441364965387
1025475032760736722
237990903405146394
925770231498907477
693028124431106412
128230104719038901
1074054436878269774
