1000
405572109703023031
22015361236356316
467445267923558535
851991770497387880
914103148498475682
145725556866392293
574902337379161972
553704500930993912
1090304794029939636
104004364849473781
142260228234980981
207430414293618691
74718533954970097
242424254441602650
515505403469571715
624633478107872455
1098086017953224271
811347525902807409
1124167923264999687
1058220534396764907
326343130160839129
1071824380007536442
665535984217952660
885503569145496415
824081176676456051
46108994595984559
318993280946487406
161827155581194720
319386253270452170
103316060463659633
728626499657496681
252433924351731631
856487903227014839
121417909202277426
1085361386961943570
345377095134784995
1022060789456289623
267950731694654680
634296632281232741
82679637966359571
791648305910771137
307526541566410718
656210043687305001
286278692820848901
107558481273265696
244078594199105403
126892675115274024
520561145951306775
86767430786282896
647396958417733368
163408527126987180
924412851282849708
484620210752311911
1080029730383075090
785855885609677490
440687312529318520
467108341324619234
684198732127756243
204651619947603111
147056898061117277
345613598937536974
739015514613037971
162449842957688288
466911689936807356
34646836297942619
888448526723488715
775733793652999596
1007943899582794800
180532334062285549
263796330170738467
510656640726240950
295568054261598715
763369298928957761
1042354093755867238
983176604963033585
121229230815085453
1077883081054989461
215723443192527970
58954455166382465
887505682480138671
88987245047733421
121223262652420229
322995669091144000
1014924420018515866
919453650517107127
607315294125895403
120501173663046509
261836543356540366
176601232514086711
615811031187705702
842970001311441510
210792834460965696
86000735001060825
717301801161918581
916861583003312682
510942244422959874
728457617812017733
1088419522056776618
519902825172265453
780255624026573408
778446676024570562
906573235748116483
670504410153262145
381498188422217952
226909964449755738
714977443605020428
336056436030286772
820935151327909473
432529235528504761
1149238731857021876
952836724552108864
948966770243157072
1119919204732657979
239524869771918119
88309997325954469
1061653667358692565
760923844027567060
752395440319047993
1075413886882003731
1055904340664490461
644247326039384011
196175550465932764
644230485967428448
804725908376361237
1652151650978035
464290559922324097
523581654709880878
127583764492456238
431726747431908930
1132265500452541877
572988378510083968
1001591711031923646
968007996568479594
376689393267020598
23622565236312768
839356554847734544
14624117901376658
751951169341819347
1038203508451227321
948577420903349330
60077565526025096
846162464149347081
331722834638053867
235637138008844200
1068969004400952390
355515150971333391
1019824083825135943
308058314884924144
872942922020413965
988257737085100685
284963139413259630
831508469157788387
678549528207001166
730053047007567603
129816110822695582
195013075713079823
62964703019828112
1131188905301190392
342808747497010742
183553418007265689
80151654996543159
908787138833608569
877872917789161029
512874701752528115
926271740023982121
183559864760985134
1068127012344740921
861855202456626993
891126764634261549
1077250031655366102
779828273420003232
374415263606940338
400738481600816457
764617313716745005
1098672779064824844
1044475979868722825
8387742510443569
825086658530218367
736090849836845809
247744802172331860
798210635851963957
956181722351495814
167900219850127988
541687385085304150
342191688727766931
989543217513493830
547851386318022879
413670124781541324
22687781296400933
713650256390673759
1149577747651266335
19770100835245983
1053613575106846076
198786629832718410
598334938738365990
396826243257043354
376291104184118761
180350017424304278
679781775861888746
291144801544399460
783217505536794267
682731666058425580
291705749221531292
479486655814605777
546441026005062205
38199113655563975
147162753503035768
353740477668496247
317147548623817174
105369697094905718
1030735094154042969
1149160285811628140
864939534409650246
966153322632698317
1144853305136889849
1069368135512639109
133950765927878067
821198827566300130
958820346445238768
208945842210091421
890873198856255960
307488789617034387
899681478315628899
345001739930119268
118696209027385298
444325237038529300
931715662440760722
517012528548285280
578882837321742587
88473150956216124
620303944366351477
877445607228034040
762602323559127084
929989807515483917
221460356457713871
315280019232002427
210457521849439370
850419795375878438
573760229112548894
790170055275295131
932409561072523240
339344005092977124
60839599248660973
1084095770145560280
226933329977255883
932919328913514586
40551148531703653
909276808658007141
777910593324477874
1013667963155227247
801238844519092656
389949071352068887
930605067232373330
764030279649312464
251381910908467144
1003338401454373392
433904637335620526
34216618680214184
820164740103170003
238069662338698634
21706466143322827
18897088330347452
422964957212048311
514376600868376016
919399922022489943
710447070566106623
509319460784481059
189400047053718115
987022299409691945
1038900594322796456
544485948733062286
624486990954214592
828032694587477326
444209811834123453
461808908961972513
119890148570530680
443638848943634618
285680434032345675
774004826248953688
684760610337435151
11349877542597936
759279814989065777
279661668700735222
1141853581268559877
112667259229587742
1120446874424494632
1045739755359613366
206665766857288128
571326602835106196
767881548484722911
472307193478807295
913993662274759282
984206745091454646
1126795130588391438
465200504027336833
530702897055381697
808954996302301949
465216577218849948
731052819221695756
227727449931109361
929636436355625716
885227102798861670
644801129070819944
1083339719977028982
1113238928140155321
165827634119056738
386222485850044710
492962279290013587
225744141904512492
680536671846638606
14258708020533466
392585573179932703
399546196970801942
58139003134830997
319532191672332063
22820592182549752
1066837939115245456
571763135195751274
88777036105094414
179429967896539115
944328451601165702
174048208677680468
517969424396691249
528307259705031910
660786174448937747
209243443696048000
742498047114997637
678567821308074200
968122360743546512
140546707617878320
442066588489872296
150461099430488762
616261855259163374
49663399078037919
92374218185828308
518996020968475510
1100752709722151624
17131150737234757
675053675583659087
649843290091954639
1013876393938417859
478124034815727293
53954199308800970
1021176983111328441
1086621687163187919
812419484024755483
279264236010269012
39064828119882334
417972217629272116
1053641251844672279
214519432382851673
233440900601379885
207954718533984580
283206129988600967
37043622199541073
646515371601620646
1108519672348719067
458751253500007659
307031590584111235
914681745991993611
765824474634025427
1021154757846045999
426347964446999891
670325072799600845
757596296980400510
747108434378442331
429991117270865269
1125571241749037062
657824144577963108
650971809482424906
146194644968891695
884783072790978439
765990305176729530
167128156521520888
1112589555252598591
465237322265387338
77359684980499267
353500761477353738
1142592082400522377
494840550155434318
1069068273989309556
876954696215137697
977551350202232826
343367986234003191
223297917422449816
1050999012381911488
1007232135088584539
705186807509609275
929835855613178629
467297786477709230
38991128534992015
496480000131129331
1141095881538474149
684625992204307428
560239531111334764
859877196155336253
636376872607186785
817258834910410371
1023501461862355168
582279427665043608
914529340660377382
858749352872427971
537559767269897472
559809344245492217
968099813884689376
908179797113075255
399546669285357503
377880223466244065
24806083005926277
1133162984315009360
648686451675530859
953255404069213994
538795736346597941
711334865355894813
129718002952518473
496046758086473086
950036184558341263
565457170892070550
938935230053651131
65216867995428734
337637905338229082
361555697508270236
1032075162192570890
1022095423087055769
653689904201618741
224833307049377215
562401523697818360
282756670978350499
386609676055260034
1141659942740132422
419654394359144719
713659092216335569
403567988525683563
434758293034049722
389528373825743763
1092042705357706903
982025433929487499
266080579239661124
1007031525766188229
490832099890999487
89672162053293744
201407095877587272
412151873388613960
298416557354476515
230890683068412701
1068327239871406520
145237647263517522
46672759666749795
162530202576438064
229212028791772321
192429794616942749
299031257943723188
207887724060453416
655546343758426256
757692541704865290
315416675276837306
686017963334063924
1057367121568886050
421303022138257295
264056814004563583
695173720657298171
823200338236074096
238536563842405670
221570485157883150
976620062136419045
306496071806489083
627624259049196171
679382842781404983
675019608049586855
748167221502010152
717175948990654454
1144853236731666248
983443491941627916
215706325883344478
21778762894929975
496761930247949251
656755953982638769
1097327437638351075
1138635725574975507
326689205754592710
1056784671591892084
170983528992055858
153380345804129703
680971798932739746
376181745774012025
914966739811578874
984621023888580899
1110553689096213035
144903305235616952
477374134217727504
169389879843902361
851152611852694145
808961607168464737
43712697691425430
1090266968878396581
758754362337134502
387842372507820147
840359211431569099
745084125686478380
662366106888861519
717752260700684602
556517698030654828
928821608099194532
965436850038208195
1095680892690383783
303835989529878976
376357040839090978
63956239652957943
1061825134958391327
687109308106070939
558446149003625883
845039456244883171
539004277639550214
592838246068553600
863758749867594063
1090015126778206340
547833948592521705
523307203712606924
688241184217544971
102511078294616700
525793782983574491
938645729120695834
561594387793981392
606961265496616351
124072520685572586
225571998919791328
318131303199227387
914041525852787989
987255855487131531
329611831452687940
196081078648753997
178631650502228245
245741104887972332
842236894202309654
758683662858547263
247115187506773554
919120918910992906
422196316787253259
302106429768167416
888677382656992633
390822114054052089
1014406133890824344
248446222530919113
1052545406550806057
1076137087973065307
379396643741783172
1115498613685330998
587270980232901569
369325806123397813
864743341514719457
1059057823055670656
434232001440360140
295039693139163824
1048878548842333646
1065586236459053821
174256769802290436
123837481274842475
966796741058099288
1128845173400495757
602904883645706509
675412326820797444
431173401445133339
754543906116376870
1125415597290226254
562639535314767474
541250978652683761
508215260347811110
1027788991087347623
150781186196545065
424028453342990512
855279040006502004
381251557243824762
26176389646771826
917387376105208178
537497370092641406
434178021938065960
960539492938749302
374695552964534835
743553978500975721
915838763334897125
415788465721685662
335442614755703574
63689708582138045
897707709263249424
371151845907714031
391733609608104533
437827558287329172
1140032452482534546
318124873688920108
301750247460884164
1033430545467661281
416559949776982503
1035142322419592977
462609376421736811
193835963973512759
357573715886882067
573734110304985646
966464566903315376
130647119750211829
821374687237129230
478514316195633516
1043094799785317702
770964783389785840
677284488664581108
144698763365822632
634094240705394537
201489561625307766
340152604062820018
1149739882579024635
371757518274891621
331471897890096223
397813124536102648
819944513393456568
1014801715444281495
913508540815280714
1102763342422736302
95326299790889115
120280703688300584
719036487357254774
419463369834828017
895574245607998044
204215987292110657
309651272694845478
586847091680611012
600937222780245760
512648561883968190
668527540206164108
925869203743512930
680759218447142662
972243113158438872
409970333186443099
990705631609163522
480793999467459479
970355937862162679
750570332676592779
710120192988513612
529158504587095199
311813770036258439
318683014881714118
352459564217608158
437596200073282047
159319738639533257
10583557774212567
661432165640609781
206193507423071694
997258167593853831
1085064821263778102
249050766373545593
5600101830558406
994270582413034710
336496867248838053
362764493064148351
153546785726863508
598965430951663394
935436450223794089
452396061224014814
1089090664909327379
460724829203546157
130156426483920487
368368380312257667
314909706515691842
377019897835671672
1124061969835982699
531493364870002637
1117177212469674737
46987733190853459
662808250678919064
1067573316842468980
972304723671733636
456040857009813907
806091680561652080
872233719140888296
1098643259417669051
589207202648927357
53711261364692943
985061919312034790
515326476088133203
1082616567062663269
888932005952914856
90496591160596462
436982116625543629
9238350003201808
961089915720709681
384742891071532319
495060489035933883
480293323796240360
880855786764772383
1069662559428047952
342914151028199340
845126815506856727
370780956484705198
868498826460667704
324351641146790249
588646297323352918
960809407606378701
1018750618879120860
997894860409256012
1053645813938721015
293969108150142927
808158137812373970
721418624358391840
761604989291098099
1025378225607790979
1041423055968360555
795281194846702065
360840501631146065
482002849251374939
601225705572383044
313219108087207965
869494059902581412
547469221084903158
899083320175870812
403955948427321314
473974864991054470
485707383339842908
426058916531976248
899046047990796339
1119711559401336982
812198572058966849
174626628952863248
267330213871488043
669181733153304377
516059681124165956
781399461320527955
1093636293898331321
1018417410256139718
915063272866632886
422982170087365206
511006890794314802
845468210485792772
13829955650650564
494907605249748030
572869224641963417
966179835720500823
749467295100954896
341820582672947315
923058178841356479
681087609845589487
545277373532343003
885655303892161792
1137102090139221239
948206089752908449
734920296118251625
335695820679336909
846391354259778270
1024434290476905566
1041331443633977929
301894244901910107
790612952598909504
1157717655068382
34783931423782497
2147346621424751
37630708967010836
1007235362917874104
937998649678210423
882059885813321044
444973715648925158
931120070281255153
129044951608445084
756058863061266314
957697562649086435
289059685327483489
13571010159146214
35250025701078445
898539900055940378
141596762374421036
714621073024812107
1130567324337386311
64966056995391419
242245375600206009
1082703183196104929
244757786580648531
1054890286891314589
670938795375463212
1148837248332265832
447528771901805550
609404687786989557
445581622567828458
1041252069652986897
886235478874355688
71845049355189658
218484531556339319
562272958304518384
36228820727567698
229395941963506143
344172990051461699
500502111917074177
13860210331868625
213378843430754053
599795435174793822
441298043287923496
1113089418927837988
1040148408442454965
835523500236330671
698783727204689482
1129823398221968667
281288202987038002
862868820112311576
618220822245578765
217129476899851383
598869741152563139
693265031271782447
120574330969549614
110484330117434273
850177091255028161
123403210696201299
457556566682563299
628519474471211143
899741810411536565
1118082535681143415
145907025894357190
687178147389322864
209092449410629739
34521393460776003
161004365708788582
696242592061590350
719007376035495237
546493036391597588
62728697249079548
424641110457649327
652489916459363777
112308206403647726
119308368156325534
323070960989969832
268085192471669638
776273281268747849
523321712541084486
500016227624530775
481062760444506835
219147134501436587
435708519527595207
926351038403100973
579354419687942796
469514270125777440
578868334219043620
788325550218395325
713895409653620440
335167795930030387
311011680725172804
21792314146046220
684965017978071580
663636395912657247
878464502819472335
811257267339004232
565406704375632484
638766088783829177
578893478260181458
1116098526473902648
578327989539138024
81220205430750662
627773137543108068
963249177536218948
912537602734603419
630456615784361940
575257788605245723
1099458909026643183
112629245084094856
793048749900276306
1099833359667176456
908239894883892842
738500460322919719
861138802911205463
641983166043599314
309355323609474473
516633689355165033
570743704866502811
185711973401230690
1062394247747243235
648866153827897445
493393717801006964
32184426432606638
416982139278507916
979499118274944028
1112342672387736543
922389383974229686
400750290424897176
114761067133082200
1016140367414216460
1147969906337037280
144986212538851653
776285862473802640
865561329021370591
93947151204828050
1054814228830402913
1076043041960710648
1064638134523390390
666819194900857828
329631554315059803
1103183537764699858
497021558094862642
58825967353655449
885080920633992948
424617529251928557
1114980660386705442
979488142581124989
401872204652116018
155630446458409065
1089251502226517332
611390457497082198
968505064996557683
269904594921315393
886419240399670245
672536352397372094
178302619364061362
445014078674568888
802885544897269060
479948730041535312
922019521534674177
911336357305445413
615933801104757718
1101849842852513329
880173141844776600
616728683028966363
845959868063749056
946335545987248314
710301008773723713
972538933238864262
729792780203265593
857658105828451535
403351363338951599
126931209040430878
584219383720169515
1079645799876317845
1025669005454371490
1038317836379844617
411466757857438363
350604474169127414
61890251184075338
858974622099910146
42392474772040853
555144830643865747
615041224588240969
18149153118734421
1012691567468032534
197377866347104274
1144248591208086074
302179813219382192
443983806092545420
442458127864361294
316523407371928620
581099576484021140
1019070819217505419
176907801947515246
869434451662355951
434240745753265056
707758987653576908
813127088339402374
633348472904220782
1144276548650800019
972578123428719600
28554915446722543
173683983861265442
1048867580348629576
777412631419118719
791108896250825834
910591362071037265
355667154294648214
754706923646741737
652935041115590726
502840059440590087
1137088761211166134
498635757667562999
1085184404564660815
159304140382470712
330415750890829588
218255894997057113
742452627153698870
333511617915990033
801231086528631158
1074640517834017426
1065028452474472110
1037871527294531598
161351008014522749
467868679936832107
978539683295146323
1000875325736048114
569518492431682932
383525333577377190
709364204721098043
55789976074276670
380694619432772859
668427316769256662
653562291556192594
909542049499999136
157199236504873036
306934253453602633
525497326579170199
123107810151344017
281384817171561615
12286613953538102
498176117193730952
90318063921898258
1083202972794491425
270364917328255903
148486111062490351
256917198147777848
1052983090666360425
698049237904151011
789798045766339668
965801795910096986
