1000
732723148592455449
806401955456500203
1013332997219879492
593886822565070968
375428034854609009
508724962012321232
998955447886029330
109087675011152298
289244079332103346
1050747782386020883
634648870475846206
175540737638639294
74431754056760337
624198155168787726
51397864826311980
587615730110197732
289679761824480603
602856593246176305
1070830122864331865
32265404443472012
350984787741661627
685801657805385186
385227397425786754
253677114117996500
530237020629744145
47718047963560001
818611302297315466
190774833664197000
746691672674468920
30343921095949795
217366076253655458
555920761459724381
563878420309510240
488673426856046666
889078475395531503
1090653098515660944
1099301870210615580
3584260562018706
628236566540667690
16816941948217329
718416008072811131
194554513077000907
616922011339354171
509511023993520010
395704734187961732
68910464896959568
465413700006048085
203354341653001031
1081684518399466375
1123456190069588431
367280866521225225
911123493615393240
595949852387912669
832185553510040561
217712005478753499
437432214396533
733569157539528665
621744646684388282
1007240822887577248
522938802837998192
530242298279110067
460907446677222519
646712593462408690
1076292588789218703
823824164924711023
807685027721947783
582537019928112896
595735718600393616
275710781777042777
331518289172386133
1011157993450304847
630129219470946731
723442573171679515
26495384270295042
565880626869883572
907635301095110294
280758751170203878
614418930004660149
1121649172970909621
634955819808387095
263007624654851280
1151772698517704877
774087895437853148
1115697905228189768
116389679402856978
872616798506737738
774273760392203584
336287062404689230
233987787793608552
443677900730295099
1029653604895819443
904594902294605485
1152489374130351274
510212854510857110
421228659034561594
1006045063304541056
782052549915838049
686571205546779196
744485376822558927
107839174816628834
795431050182543043
1038899218994755754
2477196374842523
770396322360912994
626056184486967512
873808733811900861
1139230335121256287
367952725029931181
313141421962705044
40253767661556383
405853984679288064
13598092974137146
110231535451727019
714959235217495464
36288281883388149
331043751661836571
254067737551211774
1140233898544741930
697316538898935659
760860863965577433
555545968566634975
647052770562726841
178634020024914042
359073254334422228
222208446481051982
391984131495032957
177971683614788619
394389476602386421
355945188624044683
1142758926140767593
1145480981556016093
235788533954133781
583937736930290491
263980478720964668
448129403377203570
508077050008086082
466491086582125085
536032283730809436
675222280914400379
374061363232819288
744360755842169084
980400435734238338
765505512957969795
116275671959419491
138787280725284421
566214275899863005
578226473543070513
1024181140405522277
473284196962555660
381743767916337353
1147939370004205544
946076890323964899
977692106552705294
1116377106220785928
655970498450884186
563348230166583626
711162333335216638
28766533005292525
277831775250661961
383914584165248589
860173536895834760
291084055152805961
1104476710268101465
634030788920933509
435997858065970658
3857463579907816
478169462212095628
108590177920967483
898419301928401727
476425335196886810
1148063756206637187
158028610686664624
569731047240736162
709049524416962945
634316383966712388
272485817915620478
425369122189303060
761379046671053809
406013276138916911
697384544216873093
266783381839250408
870627443242991343
1080017200245435681
1148620813894571450
752498362751534834
394471139401753646
394331119378611933
1091030947302567321
175201874979066754
1100904129675027303
1004877723714543295
711986589901963113
326146316970701348
135063368389272659
506033239245240422
1118160918415634845
660485914857245813
23459615410974952
527939853864668631
807228033243012950
103583741776418061
777078237794579817
1112053868435649778
980323182936259308
893137618066848070
780292896597199955
1109088007316703939
566702008238049475
32276495315887548
700534807648359987
174976586498703817
794146440667109244
717208550295748796
812692774113367447
437159620350703406
888173425261731776
677400867666928297
213257338365222336
605754636730540897
781921028887951116
251771063697148823
1133775540856190198
277745890006963532
1090759540504800384
499764478605427967
63973047253943291
211154723575065719
102431936296449968
670078268514342958
1100436194059158075
330041973645241513
256415022918181005
1008843926868522022
1116786039298188922
404123324188738182
809701643205231054
1065164747990218287
1143734654044497973
839030420614762262
199915496324783065
402239668868975530
962164373387609077
501412980291429383
882112511155914520
655045991127413644
243938282449002312
41954655210809000
15878156682858391
976610379266183305
306485686572019009
159013814258008277
1021518190111930672
377822317926626773
635668147356893364
156764767174941972
1068349063226546924
418125113447997510
223336797592249973
977311195485358036
1018070428276696921
511590317978071116
220068052001486187
487317069760322392
454614599814583776
191555283768640945
515445256926394923
709399656950165670
951389177493361380
384529584182779151
1139417719411763524
1068777166362544561
485630253276741999
473087562344029253
316869456011714964
201060262994702477
131512819938817536
158759708923223056
750418734592033026
36574959595828231
50249601216985541
693409792941346352
502153664779920035
334090290895468777
1080827408147395486
1109058507258362776
287509599548566679
718609484402465375
457574536110396728
438959880137468690
11211160863170957
830122245103303273
1109828694798059264
165494277322044942
839059324869355048
398781024556321361
467139282062614228
340150263232744987
1070377766320206989
529801358060273157
340821378772823047
574672006661040293
896231314600811302
826106954889240821
282895199861312573
223608043250935585
454467243585364744
956193554435201396
169424832600891613
90800833653201410
813882135192668490
1027988383999638440
290484620914756047
146647305946358161
636075409904767050
564844751845918747
591346738549860316
1110405727043129893
674050966956641853
383722098871551515
225069064241238495
483051621740311344
945989163999206543
303827581907258793
1037334972084597394
1001770057622247579
701234766976195623
1042120266173228455
266639168359637095
824366576405422382
266267846267601539
175024967316418878
902631143284160519
898286633183996333
175209813234172079
718703789947701777
80204799899571234
105763894321758028
1050703121330454787
897910240166225978
728234753246813064
667250960912626628
816505499765350932
400746420651840899
866028519945491872
293721943727102104
586197006473285284
756770591455666202
1065050487329099682
946229120866272179
973981683184017866
680643106586687084
640587246229950324
976919142633712009
758200624837382336
861136138602189929
186148431439878180
95505798536211147
1100013594184776386
515778369636664630
1031805192691678901
665905122371653868
661812353060272639
485128731710090878
742516435582114228
165241277332338769
676908052936730503
498957527332807819
925993587303306319
933909385600245292
267956146495954072
825117576566709217
5478801819700486
634136945757018148
189695191309732294
139253461259180626
991036707493300725
684633119680563719
183313772685205978
626030273073679397
6606929231694739
701624626034927187
192899009064493990
204534928358507770
604220273368455839
117769871417726769
980018744934743639
592094470711263931
809080266472218527
707118210615422561
115178149201910033
588122020530592691
249489616378626757
271855404855249368
515368005561574171
993768966738434598
301694496403854009
827409666719417841
946341931794762449
895655067755713332
640414564462000575
436500940702162815
780527519810304222
899248954856316293
523022632842268991
580073004710799785
384318872404166911
328118447341087404
623086061820299986
343453749812647551
137356248509159216
1143806187305219026
201087286376753428
101402046656822831
1009755500678378151
366756579395410911
5152906620857055
779030464739915141
499811110120539822
977199419973334715
912011363587503497
558835317777308079
3994932490791160
572727122154639774
977208419970684109
203258656468968314
3308359384016320
763781964123972825
243628475567914800
748996643848013409
539458757759971770
421338702959975095
754156608113579968
650676120251650167
708509366849835402
396839308490754683
498900553320549829
154761015928639642
1143338722644450785
162570747555604953
48104667030435075
1135961439312926455
563449780245674135
218977543535471401
951617217948151565
36180701613740951
888137825765878676
1077596113297970904
197061893041022521
663337724055289816
1041591949768227458
585411297537595890
921909467638248113
771555934323053309
619906884545457795
668205071935443166
451425682600971748
688257673803329918
934971338537812252
521532021588165870
644467679881033480
652019285928461002
528673489157279134
825948417920906847
310833129565145889
998255605347065470
308285507866135796
398992403105419469
392178237751464637
812946313654371586
1084946712144778104
798660655380953074
374301433130142837
871364737261899324
791279218979270828
339787985266319300
184745679328495247
272121366722768258
807834902595178793
177697535433476477
590656331432508737
17224191909381955
694360174526187575
243723313039417855
1095970113649682795
352065898189607547
866937431805177471
248477126802600105
104170536429494582
568095477118423294
1064836931231466026
684928826881605199
501570175885260201
656876610699822978
705204243168830977
546062271420591316
620432997797097148
554404965456472512
250344482319008799
736729285356762909
310145224942601362
646988048056320468
1090287358913080714
601966315928962026
507989616357859703
275124276548601284
136867055180303102
454442508444391731
1040451330727283170
497006303480357822
2634443760605367
343550958365653023
299823835616688840
601141039685309810
640500127849001003
1062841692074989793
995337566304144451
584988940440803
160722410453629422
664336424905552897
246958607077391255
212632363469938306
559588466226360195
926621612076229300
874185597277895034
296227149145763727
576118676769184189
229765264728475723
434091817928280770
982507907697118700
714253333310689629
345082950595472331
426567993949864008
232921418493909106
198238414845874166
468460712502872984
565595226394012840
388115977511047332
1078507147040788782
286027359756314036
610280192815910765
1072375658397571965
890183159491886631
1123974475356287713
402651128472074663
919272453961957534
579043801998049353
365987935308825977
990190699131200819
310980436000195341
773948353292251017
726516923585039020
614026981588638890
92568478559213579
965232987555469423
31724527217196734
660179550078422595
242873960273645673
399993066418457036
776857118765412757
543462704143999459
703702841112494081
1071929058988025936
406304029577742393
182894091431683470
165890353265685135
331503744078778968
952691451545824718
363035362726531120
668454687592256965
198767018688011258
140289360022395110
713735014193404221
694131722030989197
498636981377682161
594814302773961717
716966375410012602
158473291268154279
947227006688499274
896251432907876643
14834672447109098
411955270089493596
394632774722820643
565522806472636718
306266578102351402
983326421010148381
79499875340579402
749296072889972201
513471395814549026
754899019162656273
874121664670537474
1124834176216085347
391992835889694497
217271038045572716
161061037857256967
1063614347358724453
73168015367147240
663441875197393761
66808598689208863
77253122407106796
300222657931693982
612840865947884440
785291220399012995
837767995786129644
584333353697429064
464522213604279022
34179488422067262
347787762508857916
1040427000120205436
215315677017737457
524413817902089441
536274176163570117
1068539241559405095
468146055850949653
1101421382598105111
653256991076997945
633541843949042083
876212181285972252
20363470223420745
131461574321632581
203014226920024379
503521365516624686
636531133128022564
591349187318901739
23006700317576155
403295265693447575
966829028896301336
717361348939448493
750343879011034403
112833877374354014
29707221579764723
1058328876845164986
313293624684100095
231785531402366309
78429243160941594
766953514323344466
595239014591497725
604766823217504596
1138219982315514100
699642257409746611
876103614936829287
455778802907802985
1032880783025848693
234571568303448507
863778574206124297
371754787649322529
931905404746605410
602205314166115990
518963555692699606
887106957501259977
76727329299442955
501947202276232956
30906518661958066
146005639165404938
164351277422829575
518283108667465602
579031212398725871
536750132826360448
58732080976770060
837674718588252161
310594507443994176
955240955917236625
706326661824299076
284982967083926647
744555011319936705
299167230594943140
131230441147345397
213813812002328636
399157281949702566
613772586405420612
283144521025430703
927720081632706810
350174482628396750
1068188461789643603
946647970033173493
304845629828313981
578360049997767050
553435197219495408
653689970186489747
825208531277188272
970661174081849041
934200415621413994
1150988723180264792
428673188646009893
329339323974805187
750532114161726430
963863381040536831
1065018069177831502
211441274169254537
983079760985734368
320887854712189311
629117169625386188
185349897140269939
244884017869913226
997605226400265364
694812074592922593
467538844986819481
313264004679004687
935248446490314518
1047936646688842617
80622720890247452
11680183075184488
32992389804379903
278857507792646734
811921772639444901
344986977005666373
31003556848380316
773974635922903330
956334001264513603
904322666926378469
61131869535783727
320154825512324030
957892411086725172
196794537245311596
974952600514966901
740644839559188393
405802988174656136
625939601229760651
346614228707432579
975825134324033939
748519072993006182
30435442407873640
974958834948195358
643917801053876707
1114068736578257427
575624282576370616
992526219472966985
418059838970805965
285312824214401941
109356459720984606
16470526852200443
564638752612284499
404716576674566080
373186678642743833
363268231774223270
318329833464790742
517991332883865014
1055024044662948618
54854144424463047
983996836040459658
697959191590654948
394901218372913884
984047396709312359
312724275562073557
292544407544027483
114593410364582257
666219102087399753
666762655114243751
543106416795939184
743700445459444664
793537595942588819
871961555001665703
771656615627252325
204318859137998840
645495317324347836
588834097399685305
882708139941737091
416778042467698
90983089839970593
847392336635141911
800014984240566509
939086463065394168
312423587561801783
1048681496093479475
1028290376600235593
171619309013602619
305601979185667217
879230619836631488
862136514414856184
228024031916156096
600623875928576824
854765114454679859
829794788136145139
922742593510740495
1074584689414861640
228389148167231920
703068049701741286
813770088159089026
176720333796081593
576881569818108762
96598546895443318
114689560931651647
1069008796197253341
400945906595670921
565032775300219892
219285438228192933
448037503261807794
1112583652151618431
398956681289276600
1031989779329296803
78163616499134876
940223132721410607
408015019731136331
543923221207897064
407598130273165152
327602496038797322
219291282255154624
334583444900503883
514679917322117968
894708001194314328
331418393340255676
595229329613478573
639286194452606701
176820366953845024
936332419566680861
749532725101286555
139489659104786671
1088670412371382808
189803165891654375
696265630610170370
234593047347799131
816745624110624775
1027529995410365266
634900075072498632
1134020624613964477
1139827218071481966
325560563327716115
1087503630083335924
854401206175620558
1110224841945813751
450110989905528745
306369174045266941
932867060996007199
203002982976464098
207190497432834168
1146809024600247748
52909533629949278
182346823197815497
320006798559557104
160143043263846051
598332907531921199
344900320957094104
371199867155826603
240015975970109554
50726486990753967
330756764046690518
933423127394957327
771117658063375153
829493636534817295
934453832960009194
1063232574796085227
397823665752471183
435938789837999849
765569678234114456
624958671769041240
179308465243105889
337985494681676452
559744268400464001
23079359945750475
701309741710807660
266434778673008293
202990065648404973
403715072550098254
529861822876426841
94811957339976673
725566688549109696
714592413978827031
185513429629658678
733973429666827342
174804166355935314
303870080549448157
464351675931074842
849638266553841897
918880920776021851
694064267285151451
965766010134512413
613293424220292211
782850888743403149
798330066931553784
1016354180454252920
989118856315670601
665250143942987669
1037765668610692405
331578828937575306
212868940504550586
16658624102732709
402300742904071671
630787574058378276
402434408682318501
170681410010943280
788704896783948427
221609741740872332
1012025870777242200
1079647671594665162
51656949750599618
448821678012058952
459941999899922656
44972736108308942
724049318717367403
1132088341276597383
913973818048380560
398319024019058604
106973015537811125
1098481268163201320
131907059535930115
79919454117828399
242510633036493778
637926839375497674
555764382247443840
933605171226753163
378000801579864815
744260526761631414
469274465701811562
148359740458478574
580147876850262700
934676243247672293
314045836780893493
1101741380097001597
1084090510195501934
866653499174678927
648206718716215159
1121462455086880532
480825869561224773
970104810738463427
299523301899160545
696169870784173788
150606622858515252
141357418753817844
370983692144343642
530148534395668836
256226189606441170
702591897379824169
174744865467633227
158029610404027810
136311396150700272
1131190227363094066
808576509086455365
121122580235458808
567855716709206888
339866866702055000
387197609699132563
955813861266210756
1146185370634640921
584240286490734466
641143105838208594
105949640626385486
567949134125118046
818674250544132537
715815546142133365
997791906431563696
173537508238565535
64027893429897826
182521850022758106
1115794952118955874
163674358324241820
682867857101340191
1037596130144876768
981641774424499171
635345007223888927
888986992756339862
1057070431517414776
143897275990984827
155000269372544458
258744927660130841
1131603168016573247
385890008761042508
232295799103476540
1041517205700944367
421391760383433078
652730204608998495
605566855746106407
1012119511229441456
836632776077702002
1016068716328649180
1061426883418020335
509160348091786399
380238334919527674
918672695228280180
956421683480613973
491047651468369701
660707218537319295
110230088632936845
432178026607391034
677498830693486436
973866174551166040
881336576948588495
270819740661590460
465499391981712588
733316771209188845
56349265707748068
990062595181434527
1024646504515764610
124698348446109338
756485902746412522
801859146591264416
969526569318981983
625833381792890853
1139244464168036468
1025698157126212889
570855094993489850
998786476373900552
1069618103973844477
868472913521804969
495903605701180259
1151655940748059140
321882993702386850
684196012308123052
533524443484478018
263648151089922309
521355756583046639
578328988476544541
