1000
715108077845958356
668356998220974946
407384655379534945
3954963024713657
937589324452940832
112973800489276853
496274126632051151
594794532080720176
119705118461376610
427567514084135209
875047014449743506
235552761542641835
107627409914746751
783503628975004528
603813852783368873
532869965006507315
882289256623194783
25423686389490798
472925928465061312
359845355424166239
709259226921431301
755485027005644884
309982658663956022
1067392625656097375
492865758236217564
421897757432583490
567739202508784853
682832543080373344
1007391934727334247
187162730996887412
1043351785993651246
89938239072549396
1100073709728556124
638675000149511937
819036506780819086
348943585553670021
390020793826117756
699544757302385835
913001839334320272
850027599400077024
511644406445197022
357794165451620888
467436223012245039
758454295583146639
651591807171445018
957808204536256296
322594337825674820
340722739296956598
962231819658874954
47681367477808536
216894822537355346
39436816085707186
786014737981971172
447627412800164241
446881960132079103
101038999468582794
818274752812289089
550505252539202595
263207316133473954
760467184218456866
389996462053477163
973399264737565829
1006871715312362971
365858508066229094
698821517829009084
363312976829924402
777913356470762167
834011433490481301
782413691773099639
23993573955787109
427834280108479277
1121512307022921037
496101707183928517
432370679608685189
538079194513010959
990186514803584739
423045851018423891
1031687822136842063
929866138153382406
527514624018067300
615944006480539901
239118381164508333
882994848748719703
1125568724087950579
826842278077675418
793826447077036575
1065222793655682269
679630557173493343
206330883753016733
319195534136975127
952317704473885975
1075278888949174098
382556101151597108
18207481140850954
955774179535632453
947060081216007417
305011935533631451
160514818924781311
157297578199210215
968342934574424008
428070429135936637
213319509429919451
131706095456498924
834946841937671736
48094736103543902
899057440295803421
260618325883723046
1121263505107660351
198324440858664588
814802771948655231
863607957556976344
655160586313211001
357381459469962917
655039684959241024
126891677026758987
353443139114615963
719576884174891530
161837928692329707
607894589193549478
228144236131799947
494260203094410753
773963028449574577
1088955016092414375
255573083452156954
179272364295634811
893208702370643733
754179780377928581
681103992082651328
345278463372976619
879137247284809106
247387813974031012
903239874755708179
1120579969600539854
409274160967024232
690111981325597883
1117162424863670339
546583497072943657
1015232648908225162
1065607479910507714
16490559345582691
129186385922468
274578579510267110
1102495846874037561
256833343098235580
513931733147080509
451598670154241572
266004052512021340
987494893806661202
660314978105792245
1027651742660240998
30643218376823167
169268851476470734
1028499197996206485
7565406058717739
428711198026663831
1074209217458965087
1100572575300531688
409148145709305670
746450603913598265
238573376089220079
513546751919939522
544289526190097845
86910583967356999
45421524990064679
496269114360905654
513216359945121270
651724385374156051
316203530449216695
1054146624220058570
286061908589127391
64513963854194799
778279770125041965
73868738957282995
210612073030358330
494052405951820208
706208617875919427
258608779639880882
231705598707719723
707400573443274253
459058517874039332
524267097427181467
776709746653530538
347048325857995868
442231836413598499
960695981079875910
760270462083879105
106698952920791131
1043442424073407727
452415845038090309
384712391601840350
840021952319443196
957470107702045043
861904932006889394
835523033736781142
411143384625841332
425305009094751584
1009698171877054223
275523669667988625
430619269007432351
626406158811207675
39494302875893003
1058990424114823850
127080913161058670
26543965923683030
1037147418035421242
688957794090634785
831826991149584516
956002588514395189
1081235626975816523
895838586836347200
802991630541233346
506970378098567364
1077351250083760086
543622510293334125
480111938343708728
415192231092123560
38911920743044778
1142778193598374188
1043060854564984180
796081609754390109
557369554403149834
18283558996709750
1107507945255769258
33460428225831766
392024635649085485
943643692554152140
1020119031707002263
874608861948824716
768447686760020358
42867248436842884
1006656332406007722
469037468572552708
118507511063977232
927203504795136251
1064318489524487853
631639563909582031
416464396362409480
598735306779802832
255878597480601302
178215346655743718
908048389796951435
778575747380617829
548697790289406591
939313893657779463
84592332716832214
430503946274762780
56723908597994685
20196644806776567
497812457176870494
33508820422962390
851429099050513127
707129462006020570
510040602816937312
1107771919714591393
804706013703890008
81705024802971242
342005070162244869
104045472724223634
964321754852853660
362794953933095147
1072772104547162006
84874452438020687
482435688250417434
602435307319548820
835494735799075373
544430807617118283
1107229534911348200
517176027857601175
688132250480770713
513825021493931978
588627321912444288
829611929603810539
618733491221391433
721679377249025205
978254249823143319
236825505192860131
1007644180144749639
366276374896431176
309007665313109747
913999055826216936
232003131264580604
1010021266442724083
935907707790176588
660215066463369078
1105150501633053942
211356365562361165
366763824442509858
254918412645865763
227562824519723062
75189278967620480
313942261360150366
988164003652241052
700066390549585312
1028098120309419295
517846201361794408
762897447009853753
578510821649129734
507170287961603048
164513785097549550
184441552545213840
643233576507808567
83926160590204953
684015459166904966
348672858312969843
1017990058080336818
1081750563278340373
155384412962686793
985628269539900365
320694414721205151
1031609125538821566
395713066964925763
1114283864997723637
955521158768679998
712989368307555613
1144859624844895887
744079342235994445
566673796613981213
41616671728205713
69591339530369096
95498111507283991
40787498753329223
900521512715820545
182720474443351505
384691246134496638
1119833628005660207
707791158983918534
325417907251989346
338422512698149663
871703448912318955
207477239543447534
449517507218196061
192541844212141647
538738367794377282
1130284300545815309
475230253124379653
107296595979318242
507721910479922113
752915319097163899
1027200779231480921
833910700296381182
970010148709689276
619325472705271854
431567330821140770
441072256645848573
650944042872140044
619930250803826652
206924494388831834
222733320333372627
869260813674197189
75692648968605786
318960556046820469
460355681406052436
723300963297930227
425867586251163655
977699908700609781
49763198245377498
303906148382616222
1089295930897754239
292950111928507441
368466832213792543
900238092642682273
593104078647384341
937690941594896352
371641467698513914
576324940786909348
604517171323477774
206447515382119389
374951028255590624
933020753627699261
862485267577109083
606112445931118873
139525791962706142
641220373326739015
243573415121746876
47971821573374882
306753216411204247
889408477204962989
525513209104983959
315307869158231866
339018774693724290
111464870000093782
845117129837347539
1066628392376112981
503313339869127431
214970869640924208
191538391427529776
880855682972834647
438068251542453857
343769394620427675
370171462599105338
200157896292282278
354938231277841686
662431265305475607
265488261661746715
696316601428003292
867504953256229205
1088097809037249775
615266467251520264
35218269701030807
706447234020384376
58225134908859808
333944709707199182
948084979878226004
1103921058963727414
182984796236551694
362110451521949130
262870424869412371
414294436186178614
1009347636019878542
686971702566640538
469101051825202821
177194656687158327
871320666855025728
387087762342432396
365287699038640347
405077551833398957
556273654187560615
1120033605349234030
337557874802527858
380709690717782936
748412141061757900
340258788949776453
1065013209225162778
284350332360204874
668733544634707382
785572937707452025
239849040063235373
965600976802689550
201884677300962851
16474436606456718
502798905082327136
767841112076036984
595573603645771986
801216636259310038
82880999445362405
43308680087785294
621673537535215198
1033101362680218524
798236737339816153
363139016923319939
365730199345864781
336361616930038821
986783543740082022
389431922626132843
327241876199374788
846434903910892084
654478920283196142
612818139925058089
11360664500026511
297250924497268950
451930716720739291
661855837424617227
225772499109389704
642627838638460145
1119571778950579995
1048733144573183633
7460866242963810
554351598523272397
455760041367388573
57799769866493254
952608697442462361
266726496648751919
999380018603704131
482055686601308034
764786768206266671
347967743691121499
323263665806187069
697057163792034851
762769778916894670
594118844747065573
557332229249409660
614738882745156980
531807662565810462
673061207518187546
736601438077803097
757793154902257396
659417590650692390
117657382443172978
641402585850726769
899876265512981727
711865342425004804
742466292241090544
625486600876844177
77708758202486934
756227287445432373
289146280131323460
882182145291985950
721783356523939783
197988962469979757
371797878582577442
881116685927521971
25789753086287291
736271463144257601
1125077164539326351
811189603259471537
1108950881078465857
596936425827801540
619939965805389132
310156420168471303
210262340449474101
777668198940626300
398556226082830091
364620807301507708
45140589464836174
1011819519567105288
662928812946434601
639583550298490134
828568819643503153
1141629621331782756
446769381328806735
372605723287181650
1040168517283605001
361498995530462841
630636419108801127
912012791982914734
405882383857404570
702493712722198781
1111887426739309270
153610848567256472
204924138812581238
474371119261661814
168123593280208391
996326585006900980
410866969447078040
782346385046995580
612922590217575599
185469912859487019
931386882389357016
834844621759076123
727134565025565991
654286345576043959
703953921169729070
245031507588926583
267857137407037156
408647680410940293
212003830001058330
236784745634194946
111644260134467253
250506762821562108
95470897381065908
1120668773433939143
541781518052580962
1026983354894935872
535998929586426913
699641490572123617
556785161066293751
1098187102621977787
110986750934717920
594053065321812414
806479779621038452
561601106323613043
251898575008633063
511086297572680872
191940149057691628
441868609040597842
866209976275327825
406599719080804991
905624982862441045
729616672024775912
986804078274500192
449930205386358169
447375118143307520
997040157111122843
573195733166275255
321017550144073332
68665250276552806
1140850877026796222
57863801188866567
186288373412780635
174083525980571436
463619202200731874
298228950141895859
1008086507972964934
282338776562194547
756559077397884130
893624710086414045
304770778681667279
969579312170485740
436144983365857607
663650505365519254
1036999893950745297
485958800968400091
1049943117077677931
1069966334503163789
1090463275401345983
535359798823652859
752058404389393268
89541366547867099
329706526574203348
5665298496425867
129727897481719717
822865532762357700
1045852524485382636
905123640095866869
1108933368295186368
610072783022857700
482019216430843889
830328011663041554
800656670032856509
365946553786166275
1127662300562778208
694129869029588967
449335842290429878
571748715465424954
87510292046877451
674639254929951491
76694681662421854
1029611468307968003
259093536529986451
12008135945467697
1127925123204829521
371846225146781952
973173870223899895
607281555473437315
700064619696752429
743606580416737583
257851692386435852
660489692299505349
730488433322844794
733904022977886845
1116669958341805790
1039288491621118761
314182405111889343
338346969614706772
393822062057366372
1112106149196399923
727285259874741190
910247194457026367
271282473434959971
336799370236562745
511230067286812591
315758414710235253
98726279862876293
439912057830608813
969787816612814897
604233701568920537
581362309695942754
321814812685091459
756761683320728444
987513250198583303
629187581155967283
511999640231493312
691922199765209311
14288538815845940
380923870822695143
1037757125222625198
725631934491259631
795614349831783064
561311317555929420
848189570734412610
338762255234378580
589210176912097234
1040896954219494646
1057932121084645786
1133482436779935590
373021544292000388
384738417070884437
241086715643217807
287058045735748380
615212231710224588
492941430703287947
766323568039626739
241914293312048017
1103303356593161780
665837639490546116
1005635627915283273
669632448441163378
708933780075106822
550297380164228037
1065063797592496018
821542721226146873
219520271675118585
1064569390416514731
229568913652767199
135577301119900476
219719379643862893
120644835754209534
20235234781536412
341321260658238074
643609918330737056
97165382983407495
746969183683479246
972544055599523393
541941946114319077
589215572000205855
539295992538010617
563410472884834995
279241967891981163
404074717644838489
466803318386815086
609023746218485206
498311446834048947
151592705297535608
473717497617771673
508793939507511420
1046894323629946253
547583934487835532
467165733337533441
470482184949335460
1098474023099867494
1054536719571008333
50605815525072939
334632759021293407
1139466989048155243
281570344309135598
880717663738380260
797298137563313432
348941782561953403
1150211881927761833
401677911735227750
830880205209356490
141129570201406478
298261442599212817
721488299688319694
766313727134588716
646308444248033115
330055869595334683
482649618953732443
1014066959075526872
638317057856463702
278671117487132657
1096568619247301001
447728414459595168
590631954547439813
452572451211280651
398293235637951652
966914879724241811
759906079969852853
953051981249561856
301525779517636504
891227105735361021
288670504193584516
1069306784016604296
762107125127533198
792494472619470723
1143357777444408234
364360601315526609
1142899979310482349
514170430278568926
740226508251839675
316290045169263081
248261167112020657
427391526919338271
353978467977567284
674669622951962211
221542067935939260
699629489601447039
698875455042713238
880792706000918370
616862495853914181
591439590795693796
469508785605606692
22827536784428294
979085254114933307
1007842000163062161
255627848501412083
996720840752527885
160972109533084520
1099359809286957152
552792141822896363
765829983772736362
786470207130795152
673426688415190542
777593559862973290
968864739191916145
1072248859732525720
507639645943844738
859470291952567600
682380726962104183
924309706778784612
127033068167326263
432207262524649669
932173567216690958
759256837536550036
563886050857563060
699193413128997648
1043829958864617204
1066655774135993447
311146979532695747
1145849940789089934
999377237418564843
1020123882451514749
1045192873404550773
43671686458426936
785760236255069047
992738297257589874
1113596824768881277
1093361724665821413
403664578300148144
972938520463215324
534501209780025743
712324448813240411
912927254230327201
604419937371293708
466315414897438037
206849506754632559
229530272902003044
113849938724235096
572947972178667449
947188243983003717
1142967303261627423
423840726865532134
871278928858315529
567595882955454023
186213697837457563
916795252194921745
1015112168894569272
610121473710403406
859123924481919449
15288370074538215
115094918425599048
795694309753687264
411832440436696609
591759829323052470
1137832067297143133
110438850140941196
260268576091079379
467636153023193540
1086388497328771642
369585577082390276
867162387499496112
703791048575210644
744368491542763783
796856140937880173
1004342526665129394
209718697744480845
841840473109170700
80873550386499581
540010973725938170
116351815844535837
963260717992534460
719748003097943137
553708148588845794
1150576825608762794
583266251190512060
988425765196523486
30997679345798671
188998342970610015
989761338863783646
397020207453945800
119444999512943329
815562727641553627
946581718374299982
393981524865326876
214041230090430566
918502717729386632
853862124093014546
46401004280268444
785207321120806562
861468262277928786
504067059468372334
606012369321306870
37876343577180699
1147267438210069901
238419797746497642
1126234002456047812
521824960387950127
498457086028837631
86531252294218400
99291405451764881
630671142907201338
940746704402031592
340614721179406975
1025958835649957389
459383916022358054
555332714991889055
389879358156137429
188500319603410903
376128804853435932
464209855392995789
1053686539481759454
614916572430366050
94801953496082432
331444621704669724
781979296481370145
694206632883206139
728077371920613153
508346380324201626
967361745848126528
848844803036162091
816373040594200964
539417638257077637
7421850667531625
826596026169657133
1008702784905845463
588987631396635741
193944494271700083
599920092818234759
367920631419539115
276033922441395813
1034669362768237827
864363083194969237
794648318119576312
1026110887865629088
426862487447100186
836902694691331452
947781894834682492
1093202697829509335
457097310075492450
365332706847613343
703959452286747659
201192107804621849
885817118356204919
539608966794766346
93760714490389141
439609102250509352
861554059165475726
197870955373625147
654761408133711200
692840599005621316
566927068054624227
129231215537479201
793211420814775004
185443286247039424
343947717474109200
703406472349602008
808184027011066765
1009840840669061326
897821596907993739
1132831064922173900
2997157608500021
904409133314300245
354327417883389396
1152134947910968878
228129339070540620
46756924239095578
542600885620510489
305354769100636615
1057153679985858029
294472974651137809
1024582398118320739
915757366440846100
440401983722805133
981441644089183615
444996885868340969
98601951383204082
527211306625121611
162389181997737381
645385544856895819
470958547226331487
588567090880297427
84004765526469604
23796240002844833
434440651448248717
127270525046556396
749535020731063389
1139675322542544219
150396751256472180
469154216302362877
421717909865562416
917060397996171396
37772466680538983
88582409763961138
1029863419676387206
57172040001328491
586974631946088886
524276126851716234
673670814712795783
955090475019171222
320653733083783980
1058558948291601932
479527469794569844
825994986816006183
971701551540568815
1122126320239948686
760542901701230182
349469178021276309
932296584780780358
1053396320462957869
1081014079825151766
91912982305059905
140027522149795569
233286949780406594
912852906124372638
85957606373145700
379026799693623
579979641257441676
378879763075391990
453552460289710449
830254045793274838
273845292662246765
690637628710719535
1015327594198173023
244082515763420221
74525381950076759
184358448613102725
437696949200464831
903212724304776816
348986102909477774
842062197155692174
923494965797329472
948837156218387658
561422513150642725
867398039272238926
377314591467804891
445286564353247826
41324168793955292
1015027110411551487
887206456416553273
709194849725657080
