1000
1132673780565493147
951800648515487659
392351533885206235
658600245812711412
844970542014468270
409637141201823059
162798595417162277
52878416271355427
774047736871922178
981537772862294664
183885004001011652
350453531616970533
725038028256270340
800470046997774579
409932616687004121
331533734491931975
1068212762881234088
916704950994725880
285932445363591230
587539750153609396
305782113989621101
1085319090031966431
329042913714530506
321454357357278903
1130289311444549188
522409483125175113
801335876415079422
839189278913594698
433778333581651080
403318279832757946
174114382331697833
6258090126483152
287013264775555536
874530635037528261
1090654484689282371
471974892202215557
88438109017050840
221234757210747221
125208278404028599
205475672547312869
194350176111971478
295981361192756775
505485267714489454
608353139794424791
1018969537545276749
217635582937373041
79072996525421846
40557834092951966
622240064916475694
276891006639913048
290409223862342155
1080169559844064186
653359657126083698
97401077097056571
937540409466110769
621294562032080414
32586498688336695
510722577947351974
522226423557973941
826694005566156067
996567411545356110
942209417282093009
714056151672828361
499487863933902452
1004248977283910328
1017018518061078943
123073376570029312
1031703049528886967
528285924405798213
52506064815443529
897082687248369770
1065928787967373689
542788850786500971
60473292876596151
502449693482987326
253679268101973016
79269035982940760
1026390640748748782
983525114276439046
830591942365094707
53102200025380607
388070401826005792
1029317909638119818
23715173211398619
455463025054177932
656784781810758992
672080272934302469
19106234015857559
467130516992831978
935420891111134589
252473851356206946
964631305384959153
592416143528963879
523754262490966107
257033434249241990
849777282399284408
434238733307788726
495354821453986535
182966454288913602
335370383357993493
1097121718607769684
221648631221359221
82693872007345634
734557254591349076
123100995982259802
189693595473806940
759800364092634469
683970151859270738
617014395779993158
928889044056574622
914084035132430149
148599827232759078
458320512064656586
659058211120946822
678418994044415521
631846379105244555
914803061224090157
407618098249916128
70829040314688960
351431557606718100
1090553554352702401
527399555962224134
442674254419770532
1029063237935455869
214666779715710945
439214640352002559
967505676722120748
111730428717317269
489377982207439657
717684237986244757
7069069188238560
514237839499742389
1099341564766803481
741394472928847264
461399849363106093
240100746485005382
187478205792842515
418062914045648086
522412423327761669
988669296349673366
116700502671951740
605695303717822038
1014602449984009632
1068753570147024897
802077721256141501
1091730496597262955
670820786630088717
157931059705571487
978971538751602351
290142382946460310
868305534241265370
207049322385314089
342825742270862020
839146990187490267
1030052612458955663
549365282449998962
700247201201925656
549461460180898424
183703983421417399
729662388516525620
1078827929581041897
180395603501419225
718148047235974865
24978817783334716
410328521518252238
732251637886291833
54305418729557224
847941127969178288
445115819934329539
339502941774724321
655532654946237627
60121992758958949
590950693605812950
269969323366702582
770630081271749759
343772426478034644
1121319195351347571
969880459407631944
505828909901364391
61946405695886823
192901319807470140
793181385398345478
675316500309791443
88650267985976483
1061509484241643126
670468736418544487
761600622725790776
236451346776201187
15082771490463874
533086631241504347
872718607670979299
246095349607166907
422888378807741246
1112331424939371998
792419404437345420
808824664250353691
897906803760313579
735176155374894884
354256506225632900
225908348690270798
168117555549148385
221650229799281143
482539587437667057
313092673473367310
967480748559600101
303946631489261268
272024619471338092
263721827045151161
1046488464761354967
1098456786789156490
1133669309047066800
590993533960572849
943831370903220246
1125079808342846872
254464028393725281
1101621784016649945
1124891974212473574
210676433975615066
908776373998187025
556494797175339076
24638381700049388
178350015962003067
679245082816891093
1018613883399008008
1126157001399416591
604998932629003401
222370914518948055
695069133193645201
259136280916635810
268859714947922305
695075390815469139
934981756603009595
1114914011812740381
396934164164428472
426089682834114275
306959501885806983
946848972581555384
126182169642647877
796362449656722207
541046688767996410
505830572946808300
516631639253056357
102693668344280215
771562724736811899
1010213020977651918
218200045701382018
660883817892430336
534642964888593006
582681333154124890
1043706752754340933
419796020877918521
944210136778683493
61562365780038217
730432809168442050
1015087624986367436
642113785525078330
4572298993124395
1120098801509390694
325169956329897725
422966495310398292
833359802748211262
5303526418389440
937052498347894241
317629149950842801
461058435143984793
869545280095314293
835911871373801368
267537333535070246
410031809176414032
1080750282655626918
162230644237641777
997272842943550759
233065828787580559
584359441144170123
70563079070661004
57678037964766516
192462886627521026
997956991001177281
13188437361121345
241578631240659989
912264662009006268
338205895544023238
186676509711314757
1080841561172415321
566214469662035983
375866586424029069
967936922429407532
575883593662397557
477006010313778631
1119009794094556447
983723920321463210
892043849507421956
968291226722509507
13642877159779218
961861758438950840
1093645896331520484
425777260801461770
206699314161665920
824539155513558883
914021951561040796
968743852561466167
640078800831676591
941191413120072116
676071396866907537
1051869833397105625
514772552833152931
290817619109954397
378530687198352418
1074038415054146140
889462001252836103
1115443456637559252
434037385783900298
456595394859412754
879468105471247455
1102386999334341585
542760105356429907
799483810169179244
111221007297173136
490910423182705992
1010611508319895973
491988331201212683
1004119626898673616
417681365586483555
686847101155149765
531589006085577230
897719828643964868
154221883483330088
1040054774529855139
948499201273066858
136575299571848719
120233830356171742
187505980810189146
1092260702685076628
797181906549278804
493944832965319976
569045671987375295
622391818362173723
269196774758431286
321179032795436236
288574446100567653
594311352479557420
138050290558453472
1045379849810713753
430607097335157617
776645557187850028
46732941160583842
743774271792204786
605684446638131272
79740835541102582
130797473301783877
707225443422050896
1002057578767563557
285588809852607873
254198601548195762
645682973586684667
1151501865620659376
1117953314857483800
332051006170478086
493774242885833219
1064682541023476681
603514296583480293
1001308535557852232
527607074441162350
667060957047922028
911097681616449176
165048079768000857
1129091820847103883
1026874183636013995
322700004163756298
690057506830421139
212304297464810883
207427430193454668
967750256192752180
448172851406242473
315540790424954855
671005772388622149
593668981641222263
70870882626833245
784109165478024155
153934412944290725
115498001613946171
675114974326848188
722993349351460211
535580196195450254
351043470763488246
632917920467002828
1117035485892596217
324134004128001009
954790268818302554
351334378669951127
699899231316951958
28831821874647478
888555099071568414
54147906464609172
805853070219358346
188641174997785747
257524580050756609
523786011590329967
1039137304407331606
871377598222917464
66914952088926171
412056028272103655
146785854628474313
319123308350878482
115576414505972696
350416172675217816
670342731350639764
922744705407038592
550571359636848120
747541636314803176
1070716710481410582
33473212733135169
8784830087796231
350130705026385018
232169578873974007
905935931814720137
120748946643553740
757736652531812470
994830779488901306
11886507504820384
545544577927971728
3638476145515836
101891896648945656
72186178846992360
351880249522656616
1011800749711115941
844450397118198286
1123853634841987387
791197302004442330
610196029934964896
461913435447105626
1088726126941187458
564726518211223095
586547289978646230
899576574428809034
259921301500768725
1032245817886906243
997737696325590812
990800848654670879
1124602637597343097
731992514439474827
51173100581636894
198321396796111680
657836580027669687
927618344228089679
165889578386495749
548244471953077035
102191067981758860
938140244632740121
1068051195144115706
1002980216567493368
173458415611048784
734020267464359053
814730413461761733
784676411534953542
1064666985451472401
770159215151718041
1076431970274962246
524705773313973292
132105201214925875
314887362756004956
387848060712816598
785054594634966048
644967569886476571
111791414657247696
790530187372545406
103831274807810162
335188259010305177
731821759606010866
1028694254443134137
438970956054174811
882573982939669330
2046031633358415
198635879809256360
624472739792720764
924287230368043372
109338377383016462
226666003738021145
571735744455342101
221736031819412511
194630638092989603
787687402779195119
693017821181457446
336614749065359785
879150498790591424
570397538564015489
768144688266727499
928569470412423731
309949039585175195
193543308659265305
381182555740357325
471185960793867079
68877450204250799
730853267915948392
776466036528810325
167640860783194969
632793206673156937
653682394511491757
262557124528543708
1091597198696100057
1128756551684415316
952055290701525313
1036310430578078828
43912843390565490
599195663966887172
692112918672612712
368966211692171487
80354594584937080
1015261094504769946
405645387027572833
879327265459944740
704344954947125586
107216710267871746
340071978653917250
1013108175840939179
228216580608912638
844651911535995392
8032516195630478
942456480990861209
292155922115711798
630824756114084288
539884054641164129
179193742182684048
1040184293398528726
288786172741727626
1119868301483751634
1017860091477818377
693714850090452104
786058052663126270
363606425234651854
425852121621102745
117248004425081350
1006359035207762934
1000196008376559243
537558697520863800
693034603734329027
831449494147270759
718650108804419198
798400681136856835
117201644402775931
565692232849957727
280690598314981771
111937286960055654
575015089723149072
113363749161286745
1015039096145248347
1010565673188715830
146285938219717762
327642151578183560
178649643359735683
785913920817605360
475486177327888259
990227907066893867
960442066350219322
474413122840692537
381385814623459218
838758941727259626
786476411126066028
895010633595658897
560185676293834910
552237831439445097
442470916156897574
670874731025324758
473348804126290321
271681244239076629
293050652316628666
1038720371404069103
385068898724280516
797672692360880692
200177602083098109
705303935509719343
218034545066598696
1112660772770190579
687991406679143441
806119709289058343
1016729112538020250
282236989719026283
614918395224640691
67027957685958821
93154685316442143
645220499867986598
137454667330195885
7288273551663169
531758409125306615
399769407473948217
958166568633150994
73553046654776614
556807020904842726
92316443147836691
347331194318084283
193150101601055317
1117255241146333740
929642190733403597
1098935082593176462
798933042608020019
292238396886263123
848764789540651039
503130091608637097
552717438091631374
968373861848300452
1116400521290517692
609082055775369286
956020310295723876
166525188203087804
500007193663906285
383161276920753279
887496006130029422
5524748614389602
658057025211354997
579243773924428344
915464489973986829
1050126225659777097
745056308796520107
250972571403338983
1135411635702923733
562491095188249805
568431138664475571
180419385798809218
752152140943442982
1127413974397274216
875796945034458805
25398660011436892
920732979166870083
174060220376364309
290147196933544817
231399278585116283
577726382790155007
354641060654629403
175495430909227334
881345969973398494
994719846771552454
534062710463015558
1102071681252652935
653150101510866524
1175254749149862
608185935409080357
340456582464941787
1056890996954216954
549522469802320116
10952058448368763
890343708734344095
683589423973414974
531084986935894474
584815308521625250
1017098357400649034
805428109027690540
59702033468998468
996298008246386573
883145656885586331
978447299579591445
617780465727588203
546607102390473036
720079699236377397
203086630848229303
57629510667337992
835103074530989611
207247039772689368
643497428422902826
653170301395931277
537385844565042701
707342460628196743
1148196079462077659
478098269238710114
1012441847593862890
477593988491101654
921995878164464720
890241789733866996
698912190110553920
794553891123244713
72640745654924128
220003193249249975
330161192180861158
184936110074454196
565481380281623360
225785842672793212
321800994413386614
317553632938972942
1014363870269696521
116711457913541546
168745942496336798
135275614530168794
808614787735352362
381116093187856599
1075438878107682145
945243281633742344
1048563684152835371
999650082204900658
1115825550535639970
362580273413791489
1148773784893755503
934366087662584438
384456386110198428
1066826335123577463
441139676194850117
722334225439511979
313284546916382843
907694690792066843
1095127691141493551
834411846790025383
246942961228794804
565846991948132794
549182835191696968
439833271233245123
873778954473263917
1088122036292407303
792050873738988198
65283989892335876
898837600734956638
63313069162269726
707741022291785881
122339156138779344
98230227092771952
737733275829439927
1096357045829991685
1054992910836408185
608700137789632988
662562581587300945
455358948300867608
320950078416522682
847561594766845344
824238397081743180
846995092491999516
941064547154429964
711807971471585824
430279447631252346
909382255619011861
472372454419417604
99069542302185407
337146817752429670
116958313650172018
280890082155492098
227013266420842834
463552036244250737
150312530657819787
60549874857715451
811834915246906479
911972191620227142
192295480885724239
1080194684090546553
52248479643856680
378773828303377549
698011051331710882
448159541401511506
518426031189940226
796854042316094179
1008295211590310165
348792606803337074
773859642029174135
774364074162703352
1063323790764928755
678357151970784795
695359371629623890
959945300434280436
488399637813469995
413165489167147930
673840418761945559
270637850742927860
814727302519566615
226607846643382656
362118466162735547
206370982515020442
1108831371090844395
555898177413649516
565578349625461982
255560185153056972
153086618811322138
881326452594608745
130792934369174960
1040910020524372724
861268062311678279
213159993311378500
427856532200267921
329060805470259703
680966174432225261
984316896530182040
525194278115086618
343503726870167172
342912952918461314
888425173222824654
876461161667625381
1128636289694116593
603367548839760784
734416791034429629
328524896513438332
402877779607015056
309470852520457377
783812640029246028
571036675182928342
227713091765880308
104762019594466751
1128078293191847765
728277206642004763
799499769387691684
263399821966797755
623698137299683837
192809420824422347
577585553042532975
640893810785639578
811723252363617371
287631983867307759
134196490058660474
259405716488989270
796810939417423330
406032070801767741
601251257219785076
443955495655286694
517793504799730157
3606949899714820
625858245308550455
1096595047721864558
102390614622861236
468576630882564836
156269555235041324
275504272893777891
169595458787418673
553715393497420640
779624935498402600
114601151003571920
784771207045088407
523046779885618695
215778920806142953
14424484737853744
820128009504761275
1109441944750573831
402035816259014457
969087645838002378
1013728159948924461
602628178559954210
759981371975443297
659055942449966986
663915313786246217
839293844261449391
543344120759157946
679401554468153892
863586346038090007
5521878863823632
820613366918592472
826181393911349784
602676098972157741
686340527440277797
852758402979912251
95076484672149250
472213009889101032
355362779266321875
526321697089848437
1119019425400029333
834465498624789470
971554806827655739
274709976547354213
646706302761269299
450744862204839003
226506405365966938
3870118382236197
645935588022687531
884849877252702250
1073317912298237020
519431172442085186
53558620523921838
960080267049865293
72291095886253872
690633047611725072
1148535050285548094
82670542559325397
764942659196795990
602139850471088491
269201410186270980
647652546200640213
594787361795631206
818223986512221360
798346281220041454
825003374505081004
591249021610359831
219155851623790214
420130121881368086
627770381811734126
1030197095222735533
788114279454232013
182811972559983679
765676199310195051
856980924781183319
82096820386505374
473942621023971398
426280384922748243
932496381545247199
833598305114362090
244997175323708272
853983651600845860
79085582944947332
1138877687324526481
345864430168963851
65148099851506077
877663251129192147
771460048746978284
195499229999603034
10972909783942207
877810707043710366
704269448238685122
934061349616957475
493642759358713386
546475193568109985
924739687464701439
487906104694985148
1116354501983127348
284123329734092382
357219243256587419
1143574927550952358
1019922518846079509
1100722405324267224
233622063730575612
949005895090443585
109536320255379978
1123715585336062475
98872409817942490
1032142679119703079
147547646347444674
1016215218956237409
1098925238900237407
514007169077229911
881366904639695655
675400762368825348
596835795709001181
573081245603136942
441121575386458146
1056253234395518061
176177166503388614
609538131334654041
1056069916642237695
861494947129104905
126204355562335837
256168232680708317
756938194350834362
125133274243706122
405647751021489171
1150783960868474010
150870583456396524
1045993977084242047
591707386201186406
817154856446685252
371332953827430786
596230642859096905
437197582413375960
946016360239431163
9077748077892592
498490513892699832
919223370784082756
142184917322244940
1137645801252139536
34126504259871362
601879846856325749
772071870962685799
28158242878104744
483981160738441396
1152789045039672562
1144680326147581174
890076959758250613
426485380478771003
373746079847343645
591766920894797506
144631524720939579
912113807927060051
364571347418215061
232346508250563136
299231215587703010
696727389371563512
641681007965538035
958598967974386546
317375629814271305
1143234913351765527
30498675212336704
907704336763745032
1030765793218646396
600934519818330551
610093004949576038
532979841489504480
354848324266925670
928523503539551226
20910348248312209
1073777135623337349
987381619562321607
1128647033152576693
337896037394854782
233576800272039164
1094203125308094684
787958986483059374
558787298363416359
1057013615773677768
241952824740183756
1121106025783534734
54878072755809776
189621829370706929
560159395415944812
1007421277309936116
715553403397251891
475596979949582530
582306750762051352
200382008286281074
548858782327028126
903659656131615085
358112149145463400
1126210807741150340
