1000
164584867782566393
889197085682027867
1061096457763110124
977555503565682669
870522105663446638
84298282467353290
337283324061083452
1142879684957825646
39705822675873877
890693824427094637
109284531547528380
246285397695794995
617610001065481326
779669231590066630
198918053208888686
507857685434122374
35821578532132995
578356284162136770
1037736386794163580
327066280327414178
786233047313993
584741527049214601
656649969656208842
789696807950186511
87474753789081225
963369109404234263
678463311443774218
690291649776865473
489869386426364529
135835535003750541
778085157905596472
429781030373647138
455234819227529918
20160971934073133
34547723517877131
574975427044563530
690121886543065516
991072853493925877
802775548565293121
42881454669479
852927221975837577
794688736470693456
942433015244553688
158887933323020323
634969083121534009
1151740994063621140
561656662403144680
608836587012446187
940824881848683619
942929878143207755
932240081948032150
229789701935636832
753108329725290133
1085276544539859083
767572426083080677
746553074137782231
776920875488830955
354605891501714063
981421817668276350
693427114787594622
720979936924775808
229666485819764791
1143733171475218318
315755251040418269
159317609102164524
970490478252589711
199219460282400229
490925614697805835
630917332366715063
518966612718259472
881213607575636513
955436831157640907
946058691587664573
1063017127745537163
1025703362201969454
838180241133290184
195814093255555851
697279174172007021
1130130977837195997
632168921605629522
1110148788562368942
238471575521295272
439252364786998739
939836162560553967
987289455728915405
263208017436436598
138879680312207857
624952882173382384
555212841895340116
378280639094493935
467961747554443781
115417623405448987
702839830904749497
1054574917515646228
974777532861719901
520947082760997374
1034505766974162719
496692924808010566
711676423663572083
1048243800535275304
827118908600604629
363209117263565667
33025783422167275
35574807745249520
629314269128785905
218450174154281521
254482428252078080
784226473191776611
548684341182874108
1063006714093272598
837633109416519115
694645403962101380
170852320647877018
203461348417120062
1085731318875969549
165590513815998787
387780007396308975
300191549117769096
1057966924658702743
779674917908009883
1129261599376303597
848136848658300921
824066851498161442
1128936653854172034
493700164308229545
68347297462517774
474643610343999474
119712001385826438
1086501415639823179
1138563372616914328
987550197087377423
1092124421099613407
103120468974719847
421827899611721701
1080570190552670638
492849569362562729
437778671377718338
491766898252764689
522563444387267189
473012668218600110
916257593304161588
1016660006825146466
767930388693776623
683831637126646225
301834400818570405
495602754612221399
21035170953104043
115192551315410357
17158896748543591
1089464396969349081
801222832315807272
670386925619070784
892349892425381503
462732205013383379
300712462024986374
368764614304229501
534746760429358351
340368346171349843
1083190001920698016
294367781756361343
228850169174311945
1029956710943612465
957789025647062899
160406259754313332
417725925733484462
1055955092266481040
1140831447296137706
28757812297328917
1049209171664335593
308430828614408732
1014269185671353774
633862018673620861
637905274970342593
739424812116463634
1016727195930840649
855004359777359851
141419735195950128
1096349497565682243
9584903956575214
654443666344114872
1005157365589274274
135200943876248685
673274274406487792
268245454301087510
313117891884972117
811955508226568432
1050219915709291178
433384764180304532
286805436084284315
228202280827155896
252520423177625952
856861121013097629
734579253529104522
589371811821172720
880975070856707332
392112899758023772
205545269690781731
183014060886091891
630460409477250231
1117218899806046337
741119149695523471
328288527622163213
961185894674433597
1056917456260420096
761202123061781357
64736596763530312
532550157430204606
440429424568841833
1060975323064697217
676115996922440198
1115830055534372451
771292062585861301
155513149135139504
934521364058978656
149404963472358712
107818934232274937
313625240686853087
804095807039735169
1047497781613498558
934252856289079491
541833765903768783
889310197851833077
1063289278870854406
952974614053968803
6976779477223896
945403728298252193
576982932372640351
340300249105226288
856173367915797360
264394029569067766
769202454926852801
865262628368046193
513778628445796489
932130260921981921
7722357422913328
174546531791301402
936356064409747359
1018460937160919659
851289169502255033
966315196373418433
808175072543506281
934355788257093000
621351364731838512
122480263816329645
1056420358554260514
1080182238792047295
630014342692320958
582791978748856846
783179694176594597
415458261241103400
459525287200067145
88674226526066459
309637713399468415
604336568818294003
1095295119050754799
1085308249653248594
641153433947182424
97779680227685324
144474307075640640
306617716274586550
785809355576137967
1102956514501175702
1016891476037889877
624710725847284310
165338590412623277
314725471065469752
282833388799570831
532163598029306084
653677907880860227
580506132000040189
62909234780825730
123787147731670673
288029763801055432
655613851044424277
958210983112198894
1081154934479380635
533397235825067295
310515508897990612
29648239692820460
770412763339426032
714612400889536270
568504293021531788
813999092328134950
470574650707631443
1089977347988486357
992491951391891572
677449696773287712
667599312726049176
326164571808970870
1026772394868763316
299309698039344660
695247596031458626
115404536288984148
779003639802363198
716609289469066034
537490659898742327
787546106322368359
1044551075193762648
747303381208313330
452533629995562790
579037959365662998
1139232678899063650
1016012093880781690
672272853325846864
571829484980452906
75807795048780071
510385598139695107
20074746268988047
847901735415905922
188145618768257460
949363478946794219
73003975495177925
519996835794592868
715794445489923547
337663069619010120
281496966840750231
679792821612574169
9563889173793552
621884464011771969
54584085957199234
452503094664650207
378931591334535360
401476565959414214
1403458057943318
177475513130689244
171343611072757286
610852580434181093
951594541390136974
5801306565106697
446538066523569288
582042815058304734
1138833700985022677
789640683731632451
224238731027856414
971819216451978766
325207325715938672
891912674469495469
238371522219315812
1112725385599038778
549799832922172194
670970450560233417
203181105428904210
612042356610789218
1139319900486608148
566329643187135969
1135660948926327386
228051546567766406
1150345398605794852
821448943676854462
427102966329404486
1014502070498309989
1060411136071846264
289980524394799907
487214196926687184
551752174813123816
178120966531189606
416101045195061081
786350133434060597
533753854934831927
317697233048741313
184450505211473128
1003098621497529735
90235922338453075
93427801736956093
432950708281753843
115928206443803921
575319565787407638
620302481119951751
668324990473803793
904800444601319885
845591506321983154
533489624138190788
349399353636029948
634295197618110101
955734591363633444
158252850753745372
936588284128700389
258535276772274204
71676945967926380
713448964409715184
882493248775784851
569104729305151898
281251618830586523
809593882212085029
173426631960692393
282213397759204538
855279541819133783
271165879544148395
953399709459581150
254162253757918309
368603006467336165
407940478492152911
1020066844696696132
837989457181919365
52576448822878177
180804899136791951
612821980259962415
831147926234971663
902883037054314913
526308552315338741
223432328600272998
731415445798856064
682993882349841842
381536122829479744
73773531631079575
773151357752475372
507508642584850311
795182711704008761
132342308979189797
227954844767584698
1029224351215190479
1087854714778431350
1088411097155206649
990953568619663024
260188626012472039
490997102716742244
176915631556827351
39996936304319090
188669231063265957
395337652463114093
332941032105230862
972197366660140662
817973133364969624
159385895889438694
1011801009925857672
309189245253646334
1090634788370014464
259667194719650545
892760519204495791
420073441462024807
1005213806875132951
627337473156152660
1018564987127247462
280021955491692735
917803638556697227
374864056220590032
641667437082557941
840028038532659957
28311704067149033
468349738755078731
44685647236322506
160507934115887362
1105269223747942344
377088718079093819
441823477045396582
437766018061777776
1112049924168490329
744438076458599260
765765088414297064
647845148038313851
211269152935847457
482829272576050635
194575456554472918
939270471275834702
481425093068324895
893905454532741882
1051442106117598385
141731227088100262
38272181716126125
799056145830701857
441783134804446128
205493726048769961
178703516359610899
956750338587906164
821937223675543333
379716293315779015
69186068595208706
357221103322660865
556634233240659167
213165967281779150
592935290431959649
498242989462538719
242379873153961434
692225813461649163
212941099175488591
1054077535651039991
588811532024919080
429828391902990907
278052103593462090
330120537024794503
963060434363855850
236142341544825980
1055544099292857008
864645797511625651
267714488235018807
494676965933768030
1117495040783539724
431413700849642813
303290361843484124
919673976417015044
558207372021453794
657854812795644838
648531240698135860
465407977175578787
544356003941133510
254229747405628361
313688607734539750
939538381575813933
941794435026819956
188853564706045414
536919852887290300
535833283597056886
958234698683709787
549093267532341327
269706391519302507
586490095500265739
837653894563398847
1109923125508118388
911543837432695662
633853565569130239
499403256171772188
312759850549181295
233534717979415101
658415272988884327
208910695028018164
1076378981041865945
73270085381833054
984160319405143359
1081245564935617700
985980649119065095
219492256485745438
189112936191007785
1133933234916236977
1022771867030294425
9557079013247034
15052672174385762
1098418445204842047
384705225349776514
226807662251657221
950365477804846687
820171878306874356
784843319287533286
240248157130072415
373021813587842304
993917142972758789
422665308663315046
429934695093684718
1103492391380891051
413447719091614461
945963716708832174
155235077718533290
245513033467181669
5126163666900091
10200847062434371
597490943593198477
1083923961903707971
238017521160058447
961095993934451132
77854941639036230
522525646137387529
737439884795572749
580219640475913091
598586012421038178
478120584522511759
747291804742602380
981731896946126210
211829188345635719
773849596556205531
755866309238918949
208472583290680114
114232732818026124
889233542383915902
466663745727817421
874627166666959606
292213565608320026
870277696486428569
563144455976583112
790833886711644751
619003448347635034
188223354889146713
1140068571707771530
1025500861508947208
302761403210822900
379355262554850987
450008491414113231
630351277579905830
833273705599902929
440051534323581518
750395809935665930
1147599653551935490
515247486782983379
250539336443877112
1086964063302667418
813546501354967227
786805240533738759
595409821665596389
766817931633283258
378000244541152013
822017324945824926
407718575563424591
345797432384373433
133559980944749002
791050648879791718
267680594785173486
603169679406085923
545227734331732631
471802796399104166
363711766429144086
1052945570827094246
7086292791291357
626946409728547578
776331019908166313
355994996377304499
747151362746517512
910719237548153244
28816500789189710
29468417239856454
109489868729734889
1027350185224996423
1045989864989781142
50635514822141105
73936999688602855
734121001942442836
674802163263870916
544836699905671834
595700490744840316
670378146995723138
603602286304704617
922696552275336674
1084767979069889988
811571066032914424
670135027069565442
289153380105437559
1014154548511296699
744070475015995206
48837618640006526
985985915577239572
791594007339122475
386902610427727447
184502354558013242
842004243135382969
623025175157088243
364491743242678823
397985206563524949
239328435572235593
63921844091037081
225515990285089591
845073305567071459
354570204522143840
1148081953524016899
442980976507919313
14150620926576117
137421670906347297
74712304317485718
585969843823963141
436855858691571898
719217236021423926
67341512805936925
1144430127312726850
530270643465708867
122034126886123474
198004187695443535
943750514573754135
740568498679978091
4441778078570427
490234054896497201
361964628315726585
454650267265271790
892883414201153715
119757213497495475
488245731923353542
69474606204330394
314418085619714562
740831994412367500
114287004542114805
75610099827340735
1137112003925434098
575006918177337125
662655059103983666
334485242358670451
845146424516411203
21572442627393469
329217753277326329
681899773713286714
822242310166147103
134437557135342893
790321067648072927
464393768759245706
935630658330161026
1013055411803266351
525939603851086242
858017104692590778
712578919940073677
636497291162271785
678576277671763535
902238193429510080
715779676707931495
330333709230138996
263409359207974101
174249443127015159
692000350967177688
658365465259014961
987620061200278373
1099292195731155130
74766382621633978
863313466743866041
863945528619685230
864185433767119706
832817009342936057
1050406779498671388
470612712325494729
1031212281140811491
1107794770364971538
238600375790461341
933826782666376534
690024920647564068
198209771304652947
151234788746982680
424960501318711163
864620122707667633
251418549184787593
709973009120344082
149014833310225355
806379696085415225
852492618850389060
466467972797212089
53037195529025208
209818030094421799
161597733800276842
336531350574053584
701896197594939167
239704751570089742
571085844787633976
209277502352979222
482158020973404659
552733135067683848
108180356548025305
150181532282273557
554838616034508505
68636395880251269
976724163785835882
448351204301104889
785122257791476092
368937472408482105
447107120630133705
1086832014912514058
433667572338680522
295103458705172365
147048724494405322
756698812413580375
273702979789707163
682518743518385568
130259976283718365
424428754370141815
873866001090056413
373219428988766698
693245350360092587
344710893605134136
811692607391580664
682957006474012317
813153967772280991
106135475440377866
434901822815714377
360685879136649293
1021178252354500293
495901178653851527
1132314325611953493
160199151409250278
99250026553608029
590469919104387315
166333072213339193
20668029483601492
346696345571596351
862415716828846988
619413618002659147
176439356382888541
492152085591578415
842096037564607703
672825301339392112
804122582696818683
185852634536206513
569243811154721721
184651011455527994
1121940077188413629
1077407705338741040
677818280945094828
541623747290213400
277658479337037833
516167968316807322
205149143916938214
517960258460534112
238427336897628540
160628182195691410
343540349428746568
993960206920468429
754919002841260780
905862571784355402
249376719205932318
684643602724432007
293850050511845253
743854608730054697
366234319142953810
423331363764233176
700003849416090983
93496338580714632
446782351616908388
645270971084938285
498777984809013436
435207036581945332
604279286747021710
1085789088421076273
955397882480330431
847906281319920997
146024381436504288
1724151081963305
373590266369280554
473110980219720420
396216708010421023
1132577661131914917
1057798731384767143
666876185708020100
369766401618850557
1103806453368518719
781338780330971949
988988721129646724
1027133705625686562
961392206176138313
384066685975075136
977095174818834921
333559692853343406
371519382533532759
807772278566330963
307353142900137048
770905311614217661
1085430098688756148
539719835335312006
21891078861370326
365303230474761099
1120520906897955197
139733394574279561
739299814944420090
539411757264261783
169542021269410323
491273711488169136
1048208595296617774
623624352641851655
994022140143307629
108980465723392888
395550521363873457
1008692162470677531
293010954844631764
308231683443733158
510268430379543437
319131117853602127
588719080556421837
887366651300250730
814140181748565464
890596088696630092
213733572315230327
742280124147188180
861140041160344538
939265393620979870
459914056547270716
711926016768549341
385772810847175510
1131654515888303260
81656134566337422
333857085970390714
862020818902177919
663185653802022834
580492875438450022
388597373453369445
1012901766928372569
837164248924213094
889430492797528870
1041128011792194734
897606814528781194
1131324376366211485
464420130172248878
101339880276018504
563761499354003973
891507072614405749
367801500070703858
23255529059364441
671511174669373676
63723456835239649
548753850080064725
603107195588280985
576498933206668988
412373350074692961
397244974876329425
697474820569147660
465086654923088835
505370097889110849
170592750362976189
30254370876380205
564915758523607978
1041325495213724953
451704861327180930
253685048847248447
978942289445866397
1001259631900943508
173348640339635434
659979445096949245
610234647125897053
44990832309591263
670567076356301935
82845378350002853
541969213023641525
939463236900001338
194741746237174367
665161213808818826
945134112563381664
742869173729452636
988221838303119013
844492753516803083
956634670494328471
440754942304964093
615790159686139246
407892508488934993
497462091637503419
416841372192676217
528559276590017751
374297546323915319
125555797226241785
883461555643042360
41564188170569437
252375195080519466
826351559702058392
205252548701169386
976134102242809485
1058146590047989701
751286921042894334
932750437314782905
571902637965281841
629066594543056394
115040406618856605
49149779640574977
857420764250304386
676267797954896418
699315984728393398
1076899528283216843
1037088452753180109
216287659795061474
737587454537284389
157182741792865294
993487486278820475
966541844061031945
764782806303952181
1013948123206990947
472846195588946210
658697081314793715
259481162058724982
898914709905869319
389447904246615653
77997938303681913
401643047372295893
836760593976653823
466067098460475798
468286943105636546
957214678679735244
389782878278599798
239032110830332590
405902093959339747
423744986823086381
19636758048435636
273157239262019487
636623445365254854
321168806353888405
521530186902675103
432053694623544163
799311787592430432
120756639994120200
538732335645048657
481949924344660839
1111628390211559183
826530798575878938
354565753795234407
404007699584422942
675875737177033543
1114687462948450485
24851035643341862
589565497082873775
926093978669932412
831642092641818754
845982479849748325
165741762662160653
964761107330482435
1146915627683357184
1078484398381752273
379399450443537755
462648869163585530
769651512015770526
125757118503408467
854247678640505096
466764808572629972
93898808477964724
511197099556429979
566649926127550420
274005802568417892
4836710461590489
412052569861146465
241764743793778293
98253526282255245
697232376800323246
332325616794361248
449574744424681002
1075830712450178600
232739372808870322
639992927999191061
