1000
52642387922158911
907765528306827989
479256650288736858
844288775374693919
1146995577824299913
692413125195769236
24065943642259724
811564475749007134
909242874056204884
337427396687614970
123194933083452716
718130781727834683
1142656543653986207
580259220378038143
448452371341228708
859710095090126488
1030043104858511832
936097924083081124
240176270970726998
965913526266376506
11302867824585563
143774209568494565
952863436015496214
828071388953987828
791023426422113266
257232943861618087
984116921572328726
309327930118936482
319334204766244543
24611833735629256
611652394771957018
651506778964309105
705219507686337473
39134826623813833
663279737879425621
996570415059284486
778251590026461761
586643254641113763
223043129279700706
1062574635611758916
993078684646720857
404936483857685019
696397417339745935
683616030684729503
168015996379566750
255403880075286162
248026758048175012
388662443763894082
521141727274207620
1115250037311699033
543894801523933836
181933516495296729
880354568656029199
4140351448259887
110154977738731180
385932089442313416
1059761567219815226
539742439026559165
999050764711074181
1093266796685015120
1063008296492659867
525826423324025889
634343062227159108
151031995089280547
851034309665638194
3430133502961770
583990219074498210
1150705613176621289
711074944267754972
468797803669197268
19319613602657427
1078545998286032348
606235800012603409
89537474304781860
251784446975464843
378233479307256495
1121655519805066330
605415103879642780
98831020410560779
15027990583608788
1127894943210837086
240424926509190348
872491933351185476
714956693308614006
447345764976956111
237076737306958781
179049270277506773
708995938203230273
80458554710157863
925000820090963067
693948679866239185
450881793595820749
421445642043386032
747310297841724323
49762415220625850
550395871092408143
462664510305579516
697512701271899894
725196002207212217
452563332719906885
92050197147266793
995259742987400465
124375322590992567
991309030456646021
776900503141787917
407055194104692145
350716326319999239
367067225925732479
1066647103974151817
741233101057235055
500462398297607761
966494113195943072
220720481162645093
304923455165717928
250807558783481904
471059344397598714
942094555604256973
168954677964500432
639879103505791541
843211875527406537
525935266654170871
698685214325096570
698380853133502071
384643188375576103
902299571775176823
305860395867663958
214158752213824557
93406825101895542
446792288954432413
466716943960148161
188912895096060692
738385422672112833
787766880041709396
574474049618754102
986079533540996098
825549109378445738
81136664674792005
610324777915630709
836947828979520936
662717991555960466
55052280831134992
604524972510122546
247363729459328404
1073043013411335867
894041840050887737
720726969562440886
639437218106304351
1101115018398576622
238947108787715144
740384457817531794
883772254360681282
1036091058273267860
968918357661290587
871100405183565748
580698128903476302
680628657191313402
35488591088136678
1137480171629054013
718417378872594873
937697786430118766
748303068868352810
821939764670886182
648389087102118329
924946554427473296
493751963628556147
445183661686910492
816485209896788397
1092471172153382135
475920811602155113
863774029216773970
884722146537073158
164997371707926567
905188890645550229
10427524053568282
171659019236472492
719675365183005076
565149585709833280
691410796422027451
342415378458939981
487649858532725985
1021736344906591490
930766285335630847
730290964266105739
419542405290311267
503251071541772709
469207686217790036
634282062434314161
433923775062383167
592143596664261005
409511630988047697
455277805675539778
808550707452882623
482776270860059366
23327246512581703
666612204328002819
543560286593544376
152301757354212866
580751939947870176
1084154075423023085
731998263883645336
885301947699138259
688360629061478100
642693996215821589
827456787683126225
108857585143067644
560696295497743150
919530775029104559
360637069629936096
140737322959845367
977350876590299553
178330714179986853
439042906236896221
1037969969635918000
112179171800679044
364803608367968912
341510261798409665
166940651140240860
729379301885330254
74935298092166731
460130696534511160
719267633301328324
418537979587906314
106325971447586886
411742931261341782
862140937139854245
1117844108648758027
1157240748528925
399944101136719323
113879339266352806
954800224683538614
1152473325392675989
495792710141367980
781328085349690170
493711344529148520
887526539634759115
331073919662015342
79033640957881710
417545289924073815
1115655396627766726
1067535798105195910
559914857813036570
236081412712183470
637656840031511270
808380765649917022
863351608324471830
67773275344081986
739238628819295590
549712487669039591
243966234875884859
94279887797533633
1055298847683387536
600350553139589298
58142527141484937
66707506810456945
134632302501594452
317501280779745641
814235867218892385
1084359617340124796
840329847624245768
764725636571642128
232634702199806981
597579330598727542
217549291316177874
142071774069464512
1151725412621815081
1107707197699990823
55379061270610833
712687632814212958
590802249144877069
866757351772843138
850729838200679236
1150138648645400011
40103114512517390
768430502273073527
1076551169787082203
1024500466737124196
150352868840929146
100547580149502577
974485307395302351
65253170832854982
558447033240799664
989196917609633895
1034127313488932520
1088037569767759813
657538983639050378
251770311287915007
164360413749487252
545401475612004216
356087405222417962
45385378687080149
200128019155585244
974740031142717097
85087674670270865
27808436689225460
412046001013503868
288793818510667619
109896022353483729
646744474524826103
246635067106527815
457266111904474796
60457123383436630
1069769710341208763
45513652776116141
719006583083360524
23948048198628404
405765692606407871
1086236253069106969
314084510638139749
938796300774488227
342941676860365781
1102456581105780157
323656321077468826
227804080268296352
546209399170857973
15127047329473719
641304168201586582
695993699383532695
816253553416000476
850851777451483382
134335820000969421
908306655318957789
448001276847186937
238623094988335605
1043247005945925399
881069156557808660
65619223071968046
739148885392869092
129736498364982146
843852864319108729
69077655478457548
1064945190856665934
90123134451944472
954146251314028569
863597015554221414
727113948442701261
672224226328484711
864798536799933489
982467176726537959
204335730362743039
286893279959602461
196745760591500189
637786939433044886
1020376860810233453
354087353895311853
818776285680694009
642098140979295990
438683392194539461
686505721007181417
895910455693079456
984464775277043093
941355234229411009
4582868415220113
1090136056423915771
1126392816183471845
296504460377197335
228861155283356889
412988113137225483
76029937717052492
721178213889505333
692431994016925045
358517945459038663
89356259176847412
1030805415750537976
457557896958036734
481910252271359664
340119477506031873
958013797951004050
453298673828482434
520757836780055398
219908314154996644
882491188277891632
73225720184301622
901200692035389258
871763743404467
310733191474746699
1013029417028960577
272478985485970095
936781981302385622
840786579316744329
214194335476950504
725726526805703830
725317808069552093
886738592860283834
390843826503024527
966819209256311882
188072645204381522
840452020453310513
724158691028532868
1127388414382246294
285235698407339701
667092791227606824
1036808322826231277
406115834018498382
390934014456540737
523311881838476708
1120128457698738759
226852573571492663
1107160730825439935
244376219819929444
114353433104054631
894397612861063265
727116861292572459
11598865190925733
686741239949239309
853010837195201316
655258773796297740
477231141491325932
71562726179480689
915296076949055333
630285263368527847
639015310692553357
1022508531663141803
772001050985047155
884179469101572824
320144674426487202
1012032871368450957
184765265047808796
1060887097235066920
32615729539757542
409439420456876947
325544358786892459
154653067148383005
547025937412689465
63506883994591553
190382444087490329
617386820088354198
114514846677656273
906073861292721392
740190257458927329
136785717764564889
134634793895580102
1036972244241573413
519250819459041229
1127882227166133791
771113397412810534
1139682471679075435
320309134209578668
795330876846742084
39985277333696105
89277791537432733
333538992019629770
773955899801334069
527689260964645977
1036950171449846112
589770930811697412
588162011504123717
93928937063343543
181262962549173190
653106794185840090
168909331752519242
378757257076354644
247375617564699181
629705984496180963
283939794780488851
1115762117015400156
529034165362408520
140947092236227765
184068672504558073
896923415223816425
1050741749779285144
643703461105170762
277683956106108143
658595869288974286
1055784073395432412
491753914007528312
80961655098138794
472777026432057402
730508581726454766
977956388929076146
91919693819230761
802594623141270174
496976000507077018
251977754306352445
667232314179302692
871176514749693625
1039952190128576999
64930972378335106
666585378627557156
1086590267373439024
46442898920534764
187966999131958699
540268450081388843
491590295639698175
137022311092812931
313756858879238318
696056074097317210
440716310070420051
594393951708412973
970383117268474363
807617967546036618
1061410092682494095
657128262531241638
1011175688133521292
189538999160088059
420379346943944409
864887811157535780
1077210192584383763
136001382656125729
1085669719867081397
689152972848701395
365682320823064615
456914357017889559
190425847999900371
462283607928542438
617122100204021858
134520401709289313
453768419577044692
1084892209547030502
45813746996503230
544955127824584983
664747941229513330
948281580285020673
606126415896944018
339303060079599968
228658742936462209
695293749962186307
160859462190956889
1002398382875574762
5546350642802110
983433157109052961
1064797962374738326
100089657050531741
445217705348789174
58795479449394031
799752582507386356
367449710654364710
301384033338022396
937921068498324967
960857853384251720
835705741969307867
646241682238588283
658442464779343802
1039242144668255223
862762105545123470
36251937770614912
350122698645200788
1125221165420253025
624658818221804204
898240339640245937
355721983071428115
517919526596184944
828282710107045671
1090676344238011399
1042756843328523775
542252047561022396
187318262418013072
265348199702558970
538128400898347734
523867904707285270
450606194482212158
421955909607738879
318115162891415955
772835193910911348
749011698422670227
445433194669435435
770844039285994315
2420542082341295
982784021087206704
484886102392168887
955586209877292060
1024322111676457124
371800733040002353
1120346147457461553
497835996075379537
1130296294502062352
392516575248360056
392747721029791923
10303264599545105
956954693986990861
266406150509143466
1139424243868302011
76727310126334284
168919682285133036
930473434950239916
662577235639491934
311183821008000482
90039305244684916
866320819117530091
838639754502765870
825889576721232041
912449635111107911
56889117711984463
313180848364472433
572608852472997300
159493755330139762
587439328919450341
844074494968360104
732412940488191070
610870083368143059
381395255589477417
97431112176553989
762898231006724897
472348868003694199
740485922739712134
248459713364806197
887395456213789105
305370019505994816
1123932888694130162
107664095566496503
618855029462063045
707601348968831554
749729990214703897
276133731684062941
316647302598290717
1036698864549426862
137299217009371198
428472132806337650
317396108457383175
637908026846592173
1147400624635282875
520001558081160420
364554570108540019
1075088678539326868
242511739045027808
532132041738512067
668784761678267841
204704330986016103
813134809914961996
125394792508274300
398326895249644223
1029454926587932591
1126401849730299649
566772833863001734
73659011061743928
118590337700455283
355334748013807642
270153355193585108
326924565234014789
6129658127318030
103206488137203825
16586912608086751
573714476374172207
895560271817199809
382879783762773181
1086095008469126848
361419735730997881
59919475019273135
993183394193360475
658101376084657140
809150625198831641
66898855437542686
971654249127317340
703511020102157343
392666063232624051
243427466462948641
779352884981711217
614228425843135618
1015916846646167281
601003940029217418
719240130376650349
999086416819610863
1089381149487619129
647196405689741649
519940075417376475
220707454376328238
516176318139270670
743974342399872887
554314628161228548
699507215021546819
778701398120425664
350795636633781824
6765792782866190
1128888978901655825
272277546550700512
1117866359712626088
397220115677761960
549674973298719344
1085875986843613816
959547572226073758
445843755427830304
1101641786954745590
743715071595208960
478879079466934869
653147304129620611
896968265828052168
35832583437185370
393430408264614363
420890909539691036
365353526240257022
442078565206139285
327431522003680405
57271458010183834
572047929410539887
541829216432762825
596031975070461859
239066033926836330
80508458163078280
233006233304145966
1059600160161081116
284974724386071664
711229353129719458
70445046589429780
648129922693020191
142629258738162307
104421627583412776
993016704158442908
911367851786517169
330976742082857889
1121278152925316085
644988193493000502
492453978783123751
154535100853029154
355226553879819049
427046267439218815
863960332710059758
253466198735245436
701343038983417697
6135049916189997
673617765931003767
399424399510421382
503298348725237505
216768140368148822
329233243215590667
228369135143205333
475621620478285398
410651456753443450
407575831423453275
785347622479483312
2613343436431884
676548068898249943
981166943459666650
742996493815142994
276792428257572644
282544133295741492
671963706297985713
118722582923693047
791541587003060435
632261730829890019
847701529864191299
363930104980568339
118283117174204550
92190741894718386
1005955985353455620
263125544922823820
883128570519462439
987638094278320327
60365877218275650
657260366587102127
1045356210218368587
1092245500895782911
418904308772051394
307236011220344361
311597269382330480
898387983173146629
950129501766271164
1043196333765645641
1107405616602543085
1086855685708928
607990788157149513
98656914315550330
276219059848586028
925657909523125392
708681837337144004
872878347418776115
1147880467626703741
978811754108396303
996752251919366001
46120786729734277
381680203211741443
577637946669832434
968440716268629062
349989110239460815
729743378423124663
787973886194597081
1064565299548073501
822948200878398264
89222259545208489
1126290934922070830
269733274838195808
516183866213127527
808891936249992665
162260362042826911
906758774204634992
193710250243525394
1077122056643742516
559874468457463910
705745020887935452
210102982551470700
555564781814060537
853528061293826372
1013696633519020529
953395249744776736
716993475954108695
32233278316118307
230610128694181169
1150257467251297969
472150789609448890
108121408448801349
462737286130165938
162226561621737412
535119671100617671
473791439494358717
904694424572759034
856373721625124364
560606817843332448
915400226354863280
74029907182309808
717466607413140829
636795317610412699
543080297903518085
199837995468656120
1033967473177167629
518938104074742295
519556454019091882
1109144889748364641
1016666907889848189
170909261540316398
836589674606172792
904707310104994283
423212888139451033
1127578345478854392
1005939126522361622
917775163972304159
66888362701887089
466382440125070399
886423194568112607
1093034332731480332
965300345616829660
427056986556746956
119305170209254292
1136161057081962893
781435569311455527
1028770439996403948
238569470281537318
941290248976506024
993012520696399393
213701062340590680
381915347540979450
951071544559168862
897798980322238292
744023937074329424
859379503126552776
728488726777820385
290980814734032528
8096964203631447
895217747952297464
298022641319544742
453299925696387862
1041475627846714626
609677580502735366
935708615081301560
844909268647153749
1116731044070451862
618372210446253160
511075923701811911
970087055776334725
604584886625859590
685629442909777417
35867120038590339
839916538265427251
766354830739584027
3600792900220512
1046432029722119124
193757333264561287
192698004049258530
583095603306328202
371023345598490817
461942601299201285
579626843926264706
647124502670706396
79512495801902734
650289340437430860
1125059138676412872
334587675490943900
157090645501975715
185503546181573682
332329706421161075
342708916840990720
559069180955892133
999694238899611
187681595196012198
301745007911238475
575724024917515305
917850339539820019
978105605739882151
322415494659758108
162717687206319950
988695835116885514
517121463439228252
980900733577324651
9591953931618878
352975093603913049
1053551927218043945
669529460280362584
97745714990727764
49548898593754366
908300927200825535
869691063754755986
596926977226017688
1100959452811748841
583714162672631669
661473843918163053
1083736627857093981
189130225361451892
42127911573932912
213920381349649809
635474316863101987
881087950938629435
625068510910745353
1130244041221275457
472624999761913522
155984321868757437
136238401821553269
516854538886687546
236952880566137581
1050784572321951901
1071502980809527626
735216323499343400
953230838726350819
968456626945794635
1052971431435073641
250305600785736266
389444730873037890
1045259410474802947
557104799786615054
58747518300883362
384684456230424053
160833284873470306
521747988082417818
303158826822364150
1123519571348631010
26191044132192682
678153966774344082
603611648359596413
1136663966432951262
112273527078596401
492485420854723527
179911115780074052
565625218108375729
1151913565502058015
376184546720698644
237424848289829635
1120109364411708920
942973781710294503
88334051924919077
889181396798063780
485279089235286104
590106327408406862
344690123702408659
1152457499078329864
718541912532405118
815022857489114958
67496709426576140
968523764864752552
437990471497746302
187720819120705634
1082613601859951807
855280955394545720
459720529301983843
380781656362959185
968890225470771296
870103150068711997
498717049328972216
922452045958583735
825028358740324272
265464202099141655
1139652509334357094
405431672743065285
873889175819674892
914733471857230607
937227469824910793
923029744318772921
312491990006828216
431720266464814569
394813764628331878
360848230631101751
565842085710176112
1151682105375476332
904609889800677172
1011079396233146126
255837923547346171
753393643334815958
194006313990290621
814076942781746165
670772765432508743
323716376085493782
161858137032748036
193363138501302850
683565426068380588
148265201757362546
242321408389149341
304086893655920861
648962927109189121
885946382784214063
586106343588491371
524379939173683644
681945078468750693
246591883812187707
253283853416151916
734925169325195845
444954714970267399
224337562808101858
514209137141868827
717165232312061368
332513523889029580
292120953847653262
262904036594144448
811213764322357803
471817086386727922
697052826736335031
