1000
276018865414221530
236978578630222773
1111109935821212902
826577614388072684
991732658186915529
848141957384684443
838874246766299687
539955565983374004
83439382078723685
875317555495450586
563728668132962196
952347295511239334
375025125033904574
509373649690852653
609650505309223449
787799158821338625
935147378300579478
610786841377206035
664458696743533707
975162523591114863
486155989173522216
301714307528254963
1039001415274668812
219784530148778668
162804053573692555
850634679214654307
632246183299982287
131246264120170338
812904184291748760
519498524601213539
46108488704295212
19721363705996379
1072122395539907480
170845362402658496
849161394759671897
125461338492929705
194372063658367098
273358635100390785
315986757497512514
274776866427442192
1092082274245271562
708275871880667465
579798166734856435
134945110677725864
1113274743341877333
83514062151180199
72299867837315239
757122795058717864
411641939802594559
1062914163887820268
783540157632221147
33578577970787906
894442463428906295
1024433995110232924
112536857807434427
276609949467701943
1142153572544037670
821625095089840033
379160236783944792
167666684141550119
378411234202561928
1105635305595941868
738774497675503758
665504308248345446
495867483219147339
625186180545589151
733490464558244680
708210926215090046
983690578968401506
932876343765405939
1034325403387471470
647373442864311131
954517879179146599
421092936984176729
1038340024700252287
86386029973863605
910683671594385413
278881170342988315
498316625133780725
229515139043103047
830651203253642564
839990272847538589
288832796782064977
1086947808590284337
217952554563718507
1016261142320372412
394849862260086792
412094442567682018
946789667421842966
1043027323419416391
36748137679318418
1045785249052559046
314019154919382524
1013967147105789605
161789849358197517
346209992109784240
250519174504012253
224620476783397151
1020274588808191436
543068552173831270
5931854616961914
318961553508934615
52336496954403396
794030649665975816
1105925885486811678
42189896986366427
1122628023775397120
708149480031658244
613985548366603408
549739722382958056
174375158395332362
1048023172804618983
372788351110635219
955029413230048727
784132431058228699
813068048752461069
403413872439477970
171639327601461108
420892089611017269
441070830259752235
566994482255599953
906044729831794402
881571141190518137
308781197775214468
393408751708711938
399343598341790886
638708851394243439
359526230367214459
762541046281900251
332322234338554651
1117778975466340181
1002711062864673257
549587771280304334
533182879705681947
6879310993836821
66690049456796131
617170915954079908
781985542876358936
760485385021058667
15252617362388859
306758680637236003
1106613640760973844
351053717699547725
913746812106508026
1139863876629620088
59844347307485994
915304561484906916
845166264209751071
1027420551120870015
735248994141371017
81249817098527481
133154191834162078
973221560488098692
1090261001843148467
316617082563986106
445664168588264593
827802528810215932
312541918591184343
1108045172320707994
644909994809322637
55573751235000127
621419093661425383
513257947867678489
1142509450192863851
890975289908912874
730663238685153387
643126344170464951
937890135034803975
967533288807641366
562123480772232540
262356932843947283
685231862993920428
641853527615844538
796733069171403500
866614239602965823
680906050381151097
441700422327339200
65142858637164556
763442672743166198
880589664868674099
1064109417811980540
213942342468492782
348125803086179786
591726354441366894
468776440809529210
366119435551238310
474149571015369447
1007927713101519571
1146088198019374959
470651855962964683
1107626716559617914
131426283092105467
591203106166186656
48875202154117704
392973270982658943
658794223581915538
596452281994671638
104873041806276986
691160673384543792
187056750570937457
256817876414847767
409742488242391577
452262426819121086
40913629637483693
1057881520131037150
468251487992661244
597486122865979237
586003427044775990
1141993530001807065
123340509141061261
259268104008535448
218572110462793675
193496108517644957
47208342647541544
285750360970768401
1033790333423390260
573742328552044940
73978319303295857
882868135835116440
618674954354685269
546326263343136210
643697380571520475
873572626648158610
844115976636098985
517467001791508419
863881582371370764
125068193420596368
899641271957300234
813798152646454159
1053488504909933740
92452425117711804
798663920013478078
518367043310268529
377956165209940218
516594368542593529
156611619577415491
752079193288645490
1096759691925164071
70046907966438746
579776860448411710
596699661270069217
1032027633524640360
854157161868135056
339547194854265350
236728211226665062
97820933909354481
462434861953361088
866579924774954943
675132637935132587
16950564368609753
1079468842986779980
582657523123703442
449622311981708031
152295827299453146
574134434587475527
354645512360938789
354625559601243810
280163985484206402
836218701815434579
142606522458205252
550912619024708892
326500830185597039
600831283594556305
885458691144078780
799090795931017945
526788341905732196
915449354719097220
603860584878298450
1002388164820993700
793989215423838346
692486204962647098
900580688755084770
193687096894139028
777470365933365974
27414386087519043
237781129222940102
178043336686253026
1048817886806840520
1152158639041418147
347778530840171442
23404827779111361
317128684288740356
212158055668012119
960946389197484681
933689139237464173
278152131465480998
1064125216074003291
237228564873580553
103988639750850427
905002146787039452
1113517736922943594
708447349520139085
831805636650593044
86159089592712907
69441338639322536
911294765501102794
30438478695380357
487199408559183035
214589662216153884
899664507954754939
131030448207730452
87480540031861607
976894284085798006
785206038760245576
200950432180444272
103334644663280234
724848029456746352
821637689631890043
443993817084920323
757450136325638897
242533266972729426
135117739803604948
530855568893773639
830521005289855247
479967964441239686
725816954662284687
10359419483550931
941649065050931961
297815677717342240
310768286228212357
1129931403218658095
258922366228585297
1090179297819144428
786232547752052470
140732416571874357
703012881409027264
984242045161429531
666098924465953502
636860235776000162
196025559211270709
500064679520562749
677385895084634239
820018153694925425
796556956991844643
409826139546562368
301008530951894529
670684507063567394
965113274641477908
482150028433235021
880571710676971305
647151159217122457
1003484577933638598
919567603765973694
867958082729792364
619467302782776501
328410023488159135
576085682275696249
789948968708680771
27142370652181836
139290636688010775
493369494983652283
672593862704105619
38347471735967899
399916799399958524
2733847353669515
884810730684369951
904320198211597927
215282243165793986
292833475178641953
83815619351149778
735840357190830750
235907804829382824
333898085890499445
414467676159891976
1027927458929467133
205243857260476372
339646434949856623
728517736283072557
816365791570760902
159583928415065571
508432968259651347
1144417422647691872
1078818911586823914
673148256017519750
946275534922189348
1147116495094362434
1093869283665877508
156048638361395148
526781942658337214
264044490068207124
422563768455846728
6733753079700085
815888569079611017
306231709105566483
715167890606956515
228121437702555601
67072440554612792
342650570984286489
507128500854251378
669382110651836227
44533958659426397
797992885712899876
531566150386759804
595510823856852201
880987976101237054
1089437939519360312
1096531389793830937
101121086869600169
157596386090930312
768331286151822145
343456000466900033
877256069562907595
678134708079534386
121537761151676329
165120687951500778
787565587166643707
128314086757205514
764036590712284519
190310943636675680
977562054285990388
841152701346509503
391408684591587709
1039474027473617729
326021752147425886
235096680130191305
329322235887685079
669916687451734899
671292347436316410
1148651759326576975
522884616985638147
333967413573078601
590916673671686418
1145498358438327579
755641211055503011
93884274973572546
283541990613047037
285078359587584390
379228354902829000
648676608462374029
1003199549194226473
887246144193566231
489787067514794866
373446747109142700
882065680258402221
286422150448354724
963633649993641657
175956388030927548
15812232592381367
427425537244992299
295261334233009718
137457672124647929
519374405286928971
786743200416047214
242440222231093044
607233096965727290
892965492700813877
602957510972226675
1152280048563459527
443848940242293796
821695518589976525
488216745371088304
990980688421583623
1028386021133521047
148301909940034210
676156729173661478
791473247089306420
746635193044535495
99581788813744418
949853460320587524
671490843984551283
657562964275849017
714122131396084182
1110748350244194191
1086833853048448160
822031383539908902
1064062495609819313
987333576043141360
632362853132785646
903282764807542155
670493018950416948
390885891298577974
996465037292378095
1035490523712661029
938898852100742545
1116748480521796877
1007948741036198195
1143197299917972833
575427621676630111
227745750228298174
732879395225700699
300987070774672421
231259453067585300
421051137547102018
378259678882513269
448033067204522874
777637051031299095
241188598133125065
437729806767398872
176130091189093376
1117219535432464821
850773979801234558
424538137219397247
435505119756938257
392965168524664721
1017651257422823638
408987341040815048
618507113647598160
824805453996747788
154263602997504437
448457550752824741
359047028387406992
1137307618753457690
362739968949551351
1011842645007036505
826227117041402934
708556677588140815
721787722005732667
250513574678629515
76099122130805540
876106849864766561
541581879722978821
346137950424383850
221629342116739553
795729829911434270
380612649127199742
55047189725169429
56224633039748743
282484138243318963
778112796715605464
721840866962845966
600888332793515188
619274085051961090
257883963136855403
659892695862535459
955487692065330977
119575568686401728
971665336954042686
389064749965409327
1005205395048086334
1102232081949167960
1131612157599085461
442074908992122722
986869048511896394
490139398850760184
93220582213448415
1100277251583380260
47660649770610988
12611685418479923
411788425646869548
866831680255613105
716757449299003302
985017973156224374
832669823593193473
216448201309529183
1040358520692098051
719084200037365508
290707389001600417
259714276255838602
1044194806063644622
131905489767436507
1127738477326377945
853977624381681139
878374748824372444
1116237564957479548
25458663995846937
198527233758174810
643762161117486679
214884286886144409
1091070874285949929
6152306899523599
122462676825022819
536261556995579451
74752267204457515
185344832133271559
424433784695467129
952389749865939346
493081827141534263
292890294190420905
270593267295649820
635145779951099816
364129453280544169
1117436093703176058
768469852733478038
30638268738780737
706946565077713997
1076874236224079008
421367493906862173
1041516078981455171
811301183960493870
372221692213499042
1080542944862891546
911833924591327998
557967845351907287
956763646565945034
583098950664250655
1069085621839436044
124301660381535553
263529779254728119
177136990960180303
621442916793535083
851561926529340019
497793490512302090
204813409902636664
1047894584320758938
457162596125100528
763055143112972213
689863070893261473
583403837333385879
564466580987143645
287055367678672244
209602799951255201
245075151088524534
207215555816450880
521870241734334436
414400389639212604
136983598080109814
73819382859417761
518527901615596423
1033145011012759452
120938044695505200
538664088457473715
988678873380151254
448878930099563974
414456803399524500
96793815353065098
379094474615017954
511651993423314877
995783435108702780
491959542657895122
857192429602795161
595110184599269448
253758489528186493
674869782409711759
544859908633368585
640970663391357110
1075499264041175037
474272540170815110
802013802716197226
675186378955665834
481260661828509816
14331334354358157
24909871896064833
753669914559913330
350241336210154855
734188319204374800
157995990726690421
213628111893459113
7448295357284283
1098970155636834850
823312015625303133
430552362651858736
983015638076686433
942740569646879018
420015543895007221
811539722250322358
286118950674419345
1004126760628834127
229193631687126084
693077780957620707
326172621071308362
433054107309116147
757941634569748750
1035030128485901512
907867483834546793
716066501666067707
1026068370929422754
369062025302692487
348753559715854016
999856933883305509
19354826469583075
423042651223321799
713191721847008618
658386221327768752
752910284114735833
683879527115931526
1079503004517857026
10715862556549758
371026288932622919
837242063444563665
672533887098743305
1099939799107783391
355536930108254501
436546575628048643
68076785825291775
178012274689731643
1096389915999248776
1085820593054976051
925275717949097096
472940349005922045
936066702907279437
688437384774882733
399615742877036498
1117967843730022939
902564067330289671
340488695550888488
1150982147265683364
136096407616626281
1135903305414494099
102563041419375267
545137073046286642
860971511419598588
1018844020389203972
263951534923947843
967786786983478472
724567333030073698
331785674548970301
387857925270911245
383083205454205601
1023869466717542229
500584976627170257
526571571512867624
550703315153961836
1147289594905410509
1015001997369732395
913568795695547788
479143663246263739
550554073411550231
348285998319448635
30446083179763391
458850374809768366
996396722857999567
416093133396474338
600834845896981602
593387705439085739
312565121556127714
965607901249873442
1043577663363693310
36900793716752435
38875587681899421
137134686443158006
823371311126502291
910871999402240637
601180466094733817
904666633749473833
495263097944223606
265738917558234225
1040836976922227914
687668072129783636
510626135610655028
442078269060155966
935168906063469723
207878435101216410
939776542136364064
523845545954104485
369149574883449240
19404213977726858
239648938173756790
1005419784263412336
868315499962196969
52138773153554369
1091321144133381536
1053876706063413253
426655003665780744
945135950483727413
128751547239852497
829980507426723688
953196689799813157
1076404402565500003
793324107804061820
698281464532738464
462301698368501495
1055811450157876317
939381567064971009
1011969185943688574
739591074862049175
163691370676178629
544640278063853324
689627345624464373
684015683842115351
210187139855092404
142361577862902198
1048257409991149147
597556841524865001
659934001919565512
1062724371254723939
693762865914734207
386914756296305446
325018066627458423
143012915478586674
264893445903382074
857306363927120448
98889323950694329
205015818763364830
234981060694301588
638195746914439879
355188552646577065
86992707278320013
557072772902957846
905687929976408316
417821152995715697
862005228303596565
636411974781608219
797366548793133838
1072462444526441276
379923147612825966
477107608100124887
994918302989164714
844083613360169899
663176898316485
644886660389416983
1017514653285627041
1015293319427632186
621094897590809255
622983893160183862
853249703918702889
530574091624292933
894137394542918373
777270023938265387
729542245579611330
777227940323157805
1033285182953621229
591967995300766196
7870651820311756
882147091255288067
82305100488444145
775212687816321585
152552945457618633
967938308226553086
598269646122680577
861611204820772908
443495101556168817
853162865885918358
539637176660941163
974479201158565473
642621130734048544
1017938190388622072
275574087365853318
1068568034164309176
1004112841737577138
241256563242159581
820517114121133758
1110709226138141609
397974174524652861
835284440110432332
979638094425303494
467924349635940575
498691609547910871
350680836127820438
804275816285222877
1118082094973875168
981151786158808387
690663506112679287
530857109307663271
400099241273283009
966234334578446776
28088259616601726
226943078155153550
767292643140138143
1034409838013576701
1096916743383862823
458803104696956245
561065887352771770
788832736723464476
504582865676807032
883895683502365974
652625521563773443
710861585390278474
1047272046037693517
631777723062868054
506238256483302167
107482835366065216
347483396367364376
600809296835656591
455237817015441708
779571597122267836
690350274200142667
811425897932312426
185213381124596266
252472263028543627
708450389611498775
1086373974074000151
1139522373921423633
1020286394016017950
482120911677273294
951191818782396750
358393663919048267
507011123134088251
158124155168181940
292453185128414376
54417557079127008
464042789587860723
706831650084616014
329890879423955488
597284097777567585
814104603413812433
518136629119760268
979845282497487553
583460918752723185
175084966580661177
679426509165171548
748537448363470356
820119969275810951
74583286610085226
285940464231677836
1146180439699962497
617242698647076852
405750378166648016
322057037426143813
57792331739252540
1050599566268160716
680909934515968811
610709463835458697
62507543212916833
679410007793337126
889922818949098587
430805072574130177
771285775274746611
72094177213247767
247574237391398396
456375644015874576
1001747675617265830
84545487169591992
336136006525495464
373317900399622309
618337879961131203
385379920217843046
111265611830983457
738032095794786060
296768053744148694
141377317963561170
58641671846455084
34020530906770312
250449819446120228
1111374592880916186
661405628928918863
485702228844454390
610537878565224777
422768877230010709
839727143705878299
531491949143777978
129445884410500599
1031053410708662094
538894611336751383
451194610934217215
718875209417040140
213855477913911000
155630877099916516
335591550038375131
405853033879235919
18988105184203856
668072522853341578
570027050343958776
908970370313505922
1009562131722595709
1087598663568846523
282284295328207494
556043009303876365
463163441610202240
569246700819536221
109759132323496077
681005606597849877
129447331637566596
1076091270711323992
364023827787247578
713777124137022150
817082957326172099
712077692644163567
145235593270353373
656725687794244177
1029021844603179649
799971265843263141
559456909926842469
1033240905326472727
355999023460226525
831920571088659968
158491568477299389
332077349688349981
508243100415993221
754144056688966520
713194267012616709
685650008687227161
874335827780370822
658564051961593506
394802036743880671
729091178490414612
501978579526474287
557351860199124585
152674266907500123
895218079628507527
640907114754667623
378559616985089328
223358228444464889
156881865195045275
829998290845211925
978697420519907268
726430729700320212
732632127945627984
924937057867280009
872491249753226612
627383275385155971
655866733918620122
708053538157245555
287751678732838884
1120802503638041976
258988592922929922
220634721759799981
67902637413691574
516320185457052758
591520664810863392
471537470527344062
687314028037771930
710063720992029734
1037024825084702884
490752185774652929
872676796338061344
99992073756845689
588928943246207562
338911125143629836
390386496779846049
400894026391578262
