100
387804682907337015
39498573688772468
953896886091491505
79704936010378605
613950516361114864
910966491987386118
1148294198131969116
736279877260998504
1052835758440229442
358160459958414940
517480333424771837
980676075095952314
1124732186866550036
243148117156364138
550018435602516717
530431914278106018
1014692376472929713
19486720046651473
888292483171798060
544010862146017441
320222187325015464
652124762912688968
641874020732852594
597696745703310640
131274388645765515
146900046696733021
544374329742262300
393426185600071273
1050192406258364370
372455582715878683
856850592697149432
202896197767198043
985033962351986813
672710781637348956
276491746109183197
575236342298281785
1102702842728125551
808759699857954624
1096829812557947473
65916665818901090
146440764119207247
65561649489461698
170431450238819668
1007416479548864494
952084873476534322
148291156920892802
1065806389639285149
210730230658390391
1028448155365112529
300246560904918775
760511000757557974
887413088480318922
524878645339426385
971076444235711808
577029855819515514
587138542144604170
355417835750887814
640914626968812553
262493944034311493
167468252953031642
1130761191230105698
737104610270610340
863738603661259217
862625379707315275
651973415411719387
297412832671463195
195658662653058983
582717030815838689
693769266867504238
679449000584261821
748518715011299588
907100763203424162
1059916338697120887
793455876464167263
1025754174045837573
296477928720059554
1134195755659887321
616943078930835137
845294809768786977
1146947931337295462
28109891955767373
130686101823896795
417070698641155559
981215075806469013
472362069283917254
243263837418873770
153736267322696964
311733046937875605
928380246604627243
216290972892264518
659520005353912880
1089531783271972227
623129420721136151
567808333497660611
565450215676423576
769467346220712993
144751188865454605
151820420253729548
658356095228718729
275252056305042466
