100
499622077674497370
598189892224820545
10278983922297788
386052823112059008
778399434081956311
459933416016172722
15357275130074638
803440412513838285
183756832612147673
250189368827211697
481791822808959897
1150542233530071835
466556916946650111
35970655669117186
252692150827517677
178629305360060402
1112961255663163014
295611460381531148
1043401836216222765
336751138489094344
207466181867458822
255425815784215701
648912487388131939
668490838478298290
770822579324236761
752224933996661634
779546052440530758
1021508156276032241
805375866183875974
668639252117380364
199235749328135682
826251718597253658
471774061274028993
13260154762066618
844195773239779348
808572647184028089
909387242794753662
1009727133285494002
585723146232271615
473501653346115177
278385227677886368
715308316614459858
1094420236737042012
87015225724284089
760071715804419179
917440654055605490
526095653264752273
48645862673926065
1147413045336591100
391930629135699715
854419435023718523
672434286925883928
947436238095109893
1030749563710373173
179895095418406060
827658738590903941
198797202994230753
1079637355009537486
674162988610996805
527716141661815171
772822043666199339
219233069269986505
16261847347555003
709071421879882195
666701659276114524
550348722592525189
279379307842203762
750113238436633299
570013652952974030
1134121799548721780
390039425491824175
632351633880638428
75676246578428204
76490964724696699
1074612330208691371
344037816858369091
1078134215309528702
1086884839539207431
386039388403560857
65850649053285793
153693991975761303
249403244190396625
120008114291659698
750349849595158153
672587859482106281
1102524934668590081
126591905846081846
1389706158909122
585880846470766498
449750929653482495
110628431260004399
235609875377554735
169274382800618205
389835316073474931
1112096810181590511
511682567319903618
894914169136155296
896370913088122049
189684013167933181
816459078547911967
