100
808669269246962402
462455370347839190
361635523599734673
982816533503049163
301841018359489841
653070888167251642
449607663443825286
78667529795760084
522610879138272574
355455427416028994
251235181319752714
820899170244502450
781031389205524676
946976983033966443
924466908783203981
1011399690739529654
121791671579641429
116304720315611397
674400005902479670
841415364722403082
603219579596859269
388273557189697011
745009879888178945
534878648835585239
336963535110602062
196520208071008589
232592834839528923
605196791905518373
446627333538731594
973039007219896956
955490433601306871
1043296105246012205
463273170745739530
59527557055763029
82036775970711349
903872289444051695
29818716363077164
679314659663660390
1042770950028889154
1148303364917001679
599973453372964759
522530220362704913
297713624030414449
1055122444470389752
240569902508481188
882279517292381044
995619399755053679
931417418481473887
890541219749357401
708326887559998234
906366853649478331
703183426569349347
627174638707508785
199879212318151785
943904670224581909
667755460559883753
567043997434441823
1033681453048468445
1037129979361293750
322612623779615082
530001797283696046
1140931209903340836
1042525939776244677
42241285992261367
89934490996093005
618241584669903121
907141410969035360
375729767455100873
863125741948340160
80623715203013658
899642829218666576
251834250643464865
494037774342608410
861536119778652144
715220431388618900
290245975125522262
480213749559627303
531552123290894459
746114888691945659
379007542010318902
1137965290464882030
726973693954004055
576922238428878633
582242742162508163
340895871147567300
168781043524000075
1113145934671217286
347425246122240896
966068078089949903
836359953944042632
512778265154332347
603202666863765416
576944898978030473
1115853537190299143
381408372626650179
828508871315707573
127804868058391480
162905104093072728
799284707803936679
645655039171360502
